100
18 50
20 28
96 5
24 14
11 6
78 34
14 89
68 24
94 82
73 76
34 62
3 41
91 97
39 11
38 81
18 6
50 60
72 89
98 50
89 35
20 18
96 55
99 9
25 42
44 71
45 75
28 97
9 89
27 79
89 63
21 19
96 64
45 10
5 18
33 63
55 48
91 38
58 57
80 6
57 11
15 87
97 86
63 76
96 35
45 51
82 19
63 65
33 22
34 25
60 65
74 1
94 92
96 21
55 75
56 83
7 37
34 19
74 22
98 25
40 80
18 81
97 66
8 100
34 66
78 63
82 38
54 18
77 36
91 84
31 93
30 83
13 24
61 33
68 80
38 54
98 75
65 15
96 15
7 87
60 10
10 1
50 84
26 6
100 98
24 96
67 86
65 57
4 5
35 92
53 82
89 15
27 9
72 24
88 28
91 98
53 54
51 82
56 16
60 83
8 15
87 49
66 30
100 21
6 93
41 17
13 30
82 5
99 44
49 22
63 73
58 49
59 10
14 86
8 84
10 26
20 54
9 76
76 74
6 45
66 98
21 72
56 10
57 12
97 81
24 95
9 60
17 8
57 83
13 18
84 47
94 88
25 48
100 7
65 7
63 18
53 65
20 13
29 30
14 9
84 88
62 5
48 18
92 49
34 4
41 75
17 23
40 75
43 58
1 34
53 90
57 9
67 54
50 31
39 28
37 92
46 88
94 4
80 41
25 95
24 92
39 42
52 63
37 72
67 14
69 1
57 96
76 77
73 81
19 77
9 56
23 74
71 17
84 19
27 20
21 58
93 91
54 26
82 60
55 36
78 73
93 90
30 41
59 60
36 39
92 4
76 30
27 36
35 83
49 45
36 96
37 89
19 7
47 50
89 97
19 57
83 87
95 84
22 8
2 73
68 25
82 24
74 57
87 66
39 21
4 17
33 83
68 84
35 93
31 91
56 54
44 41
43 14
6 2
39 45
4 19
22 18
64 51
39 34
98 1
46 62
31 85
52 5
72 52
80 30
100 47
22 99
67 10
38 78
54 15
4 27
83 62
42 6
44 11
6 49
14 47
56 47
96 70
66 43
2 94
34 2
43 53
32 12
92 69
39 81
95 68
86 57
15 6
54 68
55 100
64 81
83 48
76 46
8 13
25 27
55 73
11 59
64 71
21 75
85 79
64 6
22 56
77 96
27 35
26 88
76 52
90 88
71 29
77 38
99 2
15 49
49 82
22 69
100 36
11 90
33 59
95 75
45 99
1 33
7 55
45 92
18 100
78 57
55 82
59 7
68 19
32 49
79 58
62 10
27 95
13 83
68 16
78 35
78 66
65 44
57 98
58 40
16 14
94 61
46 65
3 69
76 36
48 50
54 39
88 62
42 41
60 92
60 47
11 30
90 18
10 76
11 88
21 24
41 4
82 10
25 26
31 79
47 11
7 53
66 91
40 1
70 20
27 37
45 1
24 84
66 11
69 100
9 42
6 34
8 52
60 68
53 55
50 21
49 90
63 82
98 20
92 71
73 66
14 5
39 20
86 71
12 85
97 53
28 22
47 9
41 47
21 64
61 13
55 79
54 94
45 20
70 74
9 81
36 12
4 91
13 68
86 73
15 58
58 29
88 89
4 86
8 46
87 42
93 86
77 53
95 31
46 97
35 53
21 51
73 1
24 19
50 78
56 50
78 31
44 39
76 39
8 49
70 37
7 17
15 78
3 37
3 47
86 63
20 22
98 86
21 56
80 24
5 25
27 59
46 11
67 9
44 58
35 99
35 2
76 91
48 93
77 60
69 45
6 25
70 25
12 7
92 52
1 55
87 53
20 61
38 29
81 61
96 1
85 22
19 74
99 82
12 6
89 76
5 83
92 72
97 54
21 95
7 5
9 31
86 5
90 94
91 19
76 94
75 39
15 92
11 71
85 20
87 46
96 68
38 60
24 22
66 9
16 32
1 18
92 21
7 96
100 13
64 92
35 12
69 93
6 51
44 78
74 34
22 79
57 22
86 79
6 39
52 7
4 6
80 75
98 43
100 19
51 63
24 50
21 48
51 32
75 87
92 20
26 75
100 20
18 79
87 16
57 34
56 27
84 89
43 19
45 100
63 42
3 38
24 57
15 76
20 30
69 89
21 32
16 74
67 16
82 73
56 42
97 55
81 92
28 68
71 67
67 52
57 18
24 51
80 31
45 37
3 18
18 26
83 15
54 76
27 47
66 53
3 1
51 73
73 88
53 67
78 45
60 75
37 53
58 50
26 14
55 98
52 54
55 71
36 73
83 26
45 21
17 33
49 34
59 52
95 66
89 42
93 11
1 32
41 59
62 41
60 21
96 48
8 37
42 69
65 19
37 2
99 43
87 69
1 39
37 84
50 97
44 46
15 17
30 64
13 45
38 95
74 88
26 73
60 5
30 26
7 64
59 56
13 99
31 57
85 93
29 20
79 29
10 21
51 10
41 82
29 91
68 69
88 91
64 97
35 57
3 36
25 62
18 15
12 78
35 38
49 19
11 79
35 71
54 64
93 12
56 44
100 35
74 31
17 40
77 29
74 46
17 99
42 31
34 67
14 87
52 50
70 53
73 6
100 66
80 45
79 2
29 62
33 48
18 61
87 90
65 8
94 45
41 26
22 87
80 56
36 65
86 33
14 69
95 17
3 52
21 49
11 25
19 54
24 74
42 79
88 21
23 2
92 12
90 4
94 19
97 31
48 46
16 6
26 55
8 44
3 65
23 77
29 14
44 82
88 32
65 45
99 10
87 81
52 10
60 24
82 35
16 48
87 86
14 52
100 3
12 99
18 44
38 15
51 98
10 75
38 12
44 77
99 55
79 88
95 77
96 74
54 7
53 61
82 8
14 63
29 69
82 58
41 64
60 18
76 68
100 78
10 91
79 1
3 35
46 18
56 77
1 22
81 79
61 95
56 29
15 93
79 32
72 17
42 14
39 88
36 22
55 65
27 10
25 10
27 49
29 63
32 7
64 33
25 76
28 45
72 3
70 95
28 65
18 16
66 8
16 88
82 66
20 49
90 50
95 37
17 75
66 17
72 86
9 54
40 42
25 63
39 17
27 81
68 45
33 85
91 43
77 5
66 14
95 83
73 59
51 42
45 9
41 99
27 96
37 98
8 47
73 42
61 11
59 23
68 51
36 95
21 86
77 91
80 73
87 43
73 14
68 57
3 94
55 83
15 4
97 47
12 80
2 46
72 83
37 51
60 19
45 29
76 55
80 17
2 83
31 70
36 80
35 24
95 65
95 89
43 7
39 26
96 88
61 52
48 29
5 38
96 2
84 71
12 62
27 74
12 68
66 28
31 48
55 94
91 81
73 97
86 68
81 74
24 47
55 4
35 14
2 18
73 69
29 21
59 79
18 65
38 44
3 53
9 80
8 43
11 95
16 75
26 85
70 61
51 80
10 81
78 72
20 96
53 17
40 12
30 37
49 91
88 61
37 26
96 97
68 91
91 2
34 100
15 85
47 85
45 40
40 2
25 100
81 86
64 85
13 38
43 34
19 46
3 79
83 76
13 94
65 30
6 33
67 46
93 83
68 7
54 71
64 52
51 26
96 56
69 20
11 45
2 1
9 85
55 37
46 83
72 84
78 10
29 35
49 11
92 66
92 23
72 91
37 81
3 89
57 13
85 37
59 67
52 42
56 3
74 13
35 51
17 56
25 60
44 51
17 54
12 100
29 24
77 8
51 33
60 55
15 84
1 4
86 48
41 98
94 63
57 55
78 39
40 60
62 97
5 2
93 51
58 46
71 72
40 37
1 7
54 35
13 71
6 68
81 3
81 99
12 16
44 89
99 18
85 11
73 32
58 54
47 54
12 41
22 66
97 4
92 88
85 61
49 61
56 33
73 95
96 98
9 86
96 54
72 64
4 22
83 73
33 54
50 83
17 68
94 84
58 65
1 66
15 77
30 50
28 78
89 64
68 22
91 33
49 10
57 4
90 48
81 98
40 19
2 44
81 26
28 27
9 37
83 89
19 15
28 61
47 43
40 48
97 100
38 86
17 84
8 28
72 38
39 33
95 67
45 3
27 32
13 32
50 7
49 44
5 63
49 26
54 60
21 28
85 55
27 17
57 42
38 30
75 32
43 4
4 37
49 64
20 42
94 8
25 92
43 15
65 47
100 58
12 89
51 18
49 65
26 19
71 81
67 75
83 44
71 36
74 44
83 100
28 4
95 29
59 84
30 79
33 20
70 13
33 45
7 36
2 33
5 85
92 100
87 74
20 50
20 55
97 43
75 9
2 26
10 31
90 20
36 5
83 70
26 86
41 2
16 25
28 25
67 98
10 77
66 74
95 14
40 21
52 48
91 9
95 96
57 93
16 65
31 26
22 80
1 95
61 42
68 40
34 77
78 47
68 10
5 58
22 82
57 7
62 66
84 10
68 30
51 28
46 32
87 67
44 26
89 8
16 4
54 48
20 26
73 48
7 99
27 34
68 18
38 47
35 76
16 40
31 28
3 44
23 61
72 74
7 51
66 5
84 42
43 2
9 20
56 48
41 33
7 71
63 36
32 90
32 66
66 68
10 93
92 63
16 46
79 50
69 26
51 47
94 36
29 36
30 87
10 35
58 78
8 97
38 65
87 82
9 79
28 93
30 54
32 35
63 34
100 17
79 87
27 94
100 2
72 80
59 98
43 80
14 19
12 34
49 63
6 77
65 82
10 48
20 88
46 66
15 1
48 85
22 62
7 83
37 65
21 85
94 51
73 85
91 42
2 32
91 53
68 65
67 31
45 18
90 41
51 74
82 98
17 2
12 69
79 70
82 33
60 58
73 25
14 11
96 12
33 10
98 30
59 36
90 14
22 93
27 84
40 86
89 22
80 99
81 54
65 14
81 23
34 30
32 74
26 90
22 46
38 41
70 18
99 5
48 4
99 51
19 31
32 18
91 50
31 18
46 3
46 13
62 38
55 31
60 51
7 46
98 64
29 4
32 22
97 13
48 6
13 88
48 27
17 11
13 9
47 53
6 43
54 16
8 51
58 88
69 82
59 42
31 82
95 87
88 47
59 91
85 67
66 70
24 94
41 57
75 31
18 37
52 73
3 75
31 96
75 11
16 84
48 70
22 51
78 29
28 18
92 48
95 57
22 38
56 28
37 99
56 37
7 61
72 58
72 1
69 71
2 67
43 55
32 96
10 47
100 27
23 45
39 85
48 57
41 27
58 36
99 92
82 6
3 90
97 72
53 19
38 93
26 78
77 88
36 78
3 61
31 5
23 72
78 87
100 48
84 98
41 51
12 87
24 54
64 42
77 24
38 10
11 74
57 20
23 76
25 89
48 35
73 10
20 71
41 79
30 22
35 31
73 13
38 40
32 57
66 24
56 43
5 49
97 79
83 9
27 26
6 21
87 64
48 58
97 65
64 1
1 88
52 33
7 76
2 55
73 57
6 75
92 40
60 33
1 56
38 9
50 4
28 75
21 18
99 47
94 64
73 91
5 48
12 83
54 83
81 36
84 65
69 75
97 7
46 6
65 66
33 15
29 41
60 3
60 76
87 71
82 52
86 95
83 49
47 16
40 52
58 91
87 9
60 85
52 1
53 84
2 16
12 75
11 83
33 77
100 65
33 28
84 56
85 17
2 52
83 90
91 28
63 20
13 54
25 3
27 62
93 96
41 56
65 10
41 73
74 98
68 58
51 59
8 42
77 57
93 68
79 10
66 84
61 31
86 13
8 9
34 5
25 61
68 77
80 92
70 29
94 25
74 50
81 52
66 94
66 77
16 11
72 99
3 17
76 34
98 94
72 62
23 89
58 8
75 25
29 13
84 35
92 74
5 87
86 66
72 2
18 55
25 39
56 97
85 97
96 28
12 8
23 97
70 94
42 48
16 58
68 74
70 41
38 33
84 85
75 27
10 46
36 25
36 86
29 90
86 58
64 63
3 68
85 29
65 32
19 79
81 58
52 17
26 43
13 64
80 49
94 80
15 10
59 88
10 74
98 68
77 89
2 29
27 38
32 4
32 89
85 80
85 40
49 85
93 47
9 34
72 41
65 1
80 65
45 15
99 96
88 38
73 70
87 41
95 46
87 48
58 38
38 66
55 77
24 61
90 84
13 40
26 64
100 91
5 79
56 53
96 71
32 37
30 47
72 12
2 82
60 49
63 67
28 13
96 44
41 6
1 35
44 1
24 18
57 33
16 95
8 10
88 25
13 55
24 25
89 90
93 30
88 35
5 50
64 16
36 16
87 76
53 95
44 48
65 29
24 52
66 76
11 31
30 74
57 40
38 24
78 75
12 71
33 8
91 89
94 50
37 97
69 39
75 58
39 47
5 33
100 42
57 92
64 77
88 81
50 40
93 23
53 24
85 7
73 53
18 47
9 18
84 87
39 9
3 70
33 70
98 58
11 60
61 45
65 70
46 1
30 39
94 43
32 77
69 24
77 41
70 45
25 45
87 68
10 63
12 86
67 28
84 23
14 28
67 7
56 91
100 49
72 60
41 66
48 26
85 13
29 28
50 57
55 88
2 21
95 69
99 69
96 39
6 56
82 12
98 69
64 91
67 45
96 67
65 6
26 35
84 97
73 40
43 32
9 77
61 84
43 44
62 77
14 64
57 60
9 69
5 97
98 21
16 21
29 51
46 60
81 7
75 94
67 25
42 60
49 40
79 80
80 63
95 54
47 87
10 9
58 28
81 44
72 29
89 55
41 32
77 22
39 53
78 94
61 29
84 43
89 31
45 14
7 15
40 22
16 52
50 2
71 10
3 85
92 44
18 86
31 30
98 95
77 94
9 53
49 43
32 84
61 87
16 85
90 16
64 22
29 64
59 96
24 6
70 92
85 42
54 85
26 38
46 4
100 59
6 90
42 5
7 77
89 43
35 15
47 72
30 63
71 47
17 65
10 70
4 18
69 55
38 84
62 70
10 72
60 36
72 55
71 14
32 58
40 69
41 58
68 14
71 65
48 32
59 38
99 39
3 13
14 91
35 28
97 67
47 36
83 27
69 62
20 65
3 91
5 84
27 50
61 75
88 23
43 51
48 45
53 32
72 14
99 78
3 12
10 29
51 19
7 58
53 93
63 28
25 65
98 34
63 9
94 22
68 97
66 81
37 20
24 63
83 40
20 60
6 84
59 58
20 40
56 19
56 14
71 50
90 44
46 84
36 41
41 83
24 75
27 77
81 33
64 18
42 24
69 56
81 65
82 7
49 75
70 100
34 79
46 34
55 67
41 85
75 79
32 67
73 75
75 99
57 61
32 63
96 16
12 60
73 18
51 65
90 56
98 16
41 96
14 17
39 91
67 89
25 96
89 96
92 8
97 29
66 23
21 13
8 34
63 68
97 57
23 48
58 97
60 14
91 46
78 22
51 69
6 60
42 13
84 18
96 29
7 3
58 1
8 35
95 9
4 60
99 74
81 1
78 23
100 54
75 65
1 90
58 3
76 95
91 80
63 39
24 7
13 72
71 66
69 74
52 78
62 58
53 78
81 95
97 78
27 53
40 32
40 25
5 27
45 66
93 58
18 17
9 64
94 48
32 19
33 32
46 51
5 70
79 24
78 84
51 84
32 81
56 5
51 77
50 22
40 11
52 94
56 55
30 43
31 72
84 30
87 18
90 2
62 48
49 13
58 71
35 97
97 38
97 48
95 41
67 82
24 44
11 100
82 64
79 51
94 87
40 4
61 86
71 26
42 21
8 93
70 23
72 93
25 46
35 36
33 62
40 66
18 29
17 73
36 14
12 67
96 72
73 50
59 34
98 26
10 94
96 10
41 94
100 51
12 39
62 43
93 24
15 67
60 81
75 83
30 17
2 97
47 86
37 60
67 61
63 87
74 5
42 71
93 76
52 34
70 84
25 41
28 64
74 15
5 23
32 44
11 20
6 58
86 24
26 40
69 57
31 86
16 33
62 15
77 40
60 39
32 95
68 75
63 81
87 32
30 88
89 87
29 42
95 62
76 64
26 77
55 39
81 17
35 74
21 17
37 66
31 63
46 70
86 25
47 83
8 96
36 30
86 11
12 30
2 57
91 62
12 5
29 7
75 8
53 52
58 31
7 11
77 49
78 30
40 95
70 30
29 92
12 44
59 21
75 19
67 51
18 33
50 51
12 49
89 48
4 93
3 62
72 35
93 100
53 46
23 47
46 75
10 11
37 17
36 38
69 79
5 40
32 91
74 77
34 11
43 69
21 87
26 50
31 81
1 19
69 18
2 58
84 73
34 15
8 68
6 27
63 1
65 64
91 18
33 3
38 23
41 54
27 66
20 95
82 79
34 85
76 79
58 95
13 93
31 14
38 56
11 99
17 94
91 37
45 32
91 12
81 40
53 22
65 39
78 82
47 98
63 48
60 34
96 92
84 45
54 80
80 95
89 57
52 47
74 78
99 21
92 5
56 25
44 72
50 11
29 68
97 17
63 85
77 11
23 28
37 22
45 22
42 72
45 42
22 44
91 86
4 80
89 19
12 1
41 43
49 89
68 42
96 85
66 31
97 36
44 29
22 9
59 47
73 37
88 31
70 26
57 51
14 30
62 45
29 76
52 79
47 58
47 94
27 67
50 36
54 45
73 68
86 27
10 83
76 41
77 69
18 78
31 62
1 25
59 89
85 71
31 2
36 53
96 82
56 2
88 71
50 68
22 42
63 72
46 82
51 62
49 94
65 59
49 28
38 87
34 88
81 50
67 43
76 45
54 91
4 26
55 95
75 1
90 13
86 15
18 62
96 13
100 32
63 46
12 23
85 46
90 7
44 73
43 27
30 53
82 48
28 62
3 10
61 46
91 57
15 88
70 44
91 61
88 4
15 39
69 90
6 67
59 5
93 50
89 33
69 6
54 72
42 70
82 32
24 40
45 41
42 50
21 83
85 58
69 16
71 90
52 97
38 90
11 91
51 16
7 78
75 4
72 9
55 29
82 20
24 83
87 34
8 19
10 100
38 21
80 5
10 37
3 82
100 73
4 7
31 94
70 36
78 4
17 64
91 40
64 39
74 43
72 79
18 80
47 75
12 97
83 69
76 47
39 59
74 12
78 89
66 90
29 31
84 54
42 3
64 40
83 42
40 54
15 28
36 34
50 85
33 78
43 5
62 67
14 15
18 11
91 27
64 4
49 31
47 62
41 78
31 54
17 60
90 73
93 92
3 71
84 67
34 89
57 1
2 76
59 74
51 5
76 13
47 22
80 39
76 85
96 51
36 66
12 45
71 25
72 43
13 12
94 97
8 60
100 80
28 11
70 16
66 39
62 26
75 64
63 77
40 53
67 44
41 22
37 31
47 7
86 39
42 97
55 66
57 70
28 34
12 95
75 56
1 86
97 11
94 79
50 96
69 94
52 96
65 52
75 33
37 49
96 75
77 17
25 66
56 15
13 80
72 90
21 33
3 76
97 49
50 63
49 69
42 94
30 2
60 93
57 3
62 79
56 18
8 16
61 41
84 20
44 10
83 82
68 36
62 99
11 81
12 26
17 42
22 29
57 29
1 31
9 48
93 32
36 90
52 26
39 74
32 3
15 42
11 58
14 37
91 5
3 19
76 88
7 35
60 74
86 55
45 19
24 20
83 39
78 90
1 11
37 47
2 13
84 25
14 97
16 91
78 76
17 49
73 11
34 69
72 61
61 43
55 78
32 80
58 24
64 32
73 77
41 52
24 78
99 33
38 1
47 21
19 22
60 89
83 16
8 25
19 25
40 46
18 96
36 84
89 100
78 56
35 40
69 35
54 50
86 70
80 27
54 2
54 88
54 98
100 88
13 41
96 60
65 94
47 29
58 55
8 62
96 30
55 28
98 33
2 75
94 16
54 37
20 46
68 56
14 18
9 94
59 48
44 68
34 61
18 72
16 38
45 55
51 36
56 87
90 57
57 17
14 88
22 55
23 32
78 49
23 63
25 54
97 41
41 91
50 32
78 8
82 93
70 49
76 92
72 100
86 100
3 93
92 58
15 60
4 71
84 60
89 73
45 72
83 84
96 40
35 49
64 68
48 8
96 100
19 76
50 17
87 28
44 19
41 20
46 54
59 14
98 76
5 72
4 68
71 68
45 93
21 5
78 71
23 37
75 85
23 29
53 72
87 36
3 96
98 24
38 68
51 25
3 40
74 62
67 99
53 79
31 6
54 11
88 57
66 93
54 49
69 97
99 40
89 86
30 71
65 22
5 11
59 37
37 61
69 70
22 17
25 80
63 59
77 20
11 33
17 62
8 38
100 23
93 89
74 55
49 79
17 91
68 70
44 21
79 99
70 24
60 66
46 31
24 8
93 56
40 6
97 33
56 95
53 100
49 98
60 31
51 71
34 33
71 98
32 54
11 53
6 7
42 4
63 11
1 42
82 72
77 78
31 23
94 21
93 71
38 28
69 84
67 56
91 30
79 92
13 60
8 50
24 4
74 6
43 17
4 44
99 91
13 1
13 82
8 90
13 89
96 26
65 91
37 64
73 79
51 20
30 9
45 59
65 9
78 61
22 73
28 74
78 70
60 70
11 15
84 14
83 38
69 32
67 33
77 61
44 23
8 81
74 93
98 23
10 23
28 30
90 59
66 2
62 89
61 14
80 78
96 76
85 86
80 70
2 19
69 91
51 13
70 55
98 39
39 16
87 97
85 68
73 64
19 38
41 14
26 65
5 15
29 8
23 11
99 30
76 56
85 62
8 36
34 21
85 23
44 14
54 34
85 44
3 84
68 15
88 10
34 26
57 75
76 17
63 37
21 73
41 88
2 8
5 67
57 14
83 6
30 24
89 80
1 82
82 21
59 12
97 24
12 56
17 20
72 77
67 66
15 66
80 90
11 27
89 4
69 17
20 7
72 88
21 20
96 19
20 12
79 68
42 10
26 8
73 7
40 97
59 4
92 82
9 70
22 6
23 54
80 82
65 42
79 96
91 13
20 1
6 47
74 94
97 95
89 10
81 42
79 77
93 18
11 43
24 15
61 27
55 3
96 34
48 71
63 45
40 7
72 26
53 6
48 72
89 53
40 18
27 1
12 31
50 1
35 33
53 48
81 12
26 58
80 1
40 43
99 26
100 76
54 22
64 48
43 16
99 63
41 23
9 40
86 43
93 80
81 56
33 88
54 55
88 19
82 50
20 48
66 88
59 2
19 80
8 80
92 43
92 10
52 84
71 23
82 90
36 69
51 78
81 96
1 62
93 16
49 57
85 30
34 23
85 28
21 43
2 64
69 60
37 16
10 39
27 76
68 59
26 87
75 5
95 33
33 50
79 74
39 19
92 89
89 66
53 8
80 81
32 28
21 37
71 73
65 56
76 1
71 59
1 17
94 62
74 52
20 59
91 25
74 64
39 89
28 40
30 16
10 97
97 1
27 51
14 78
100 26
4 84
59 57
40 14
70 91
55 90
8 4
59 64
54 6
61 50
97 90
54 21
76 49
19 10
94 53
74 91
58 66
17 98
98 14
38 67
75 18
68 81
57 67
12 52
26 89
86 62
15 32
45 2
78 92
80 74
82 37
90 51
51 23
45 91
54 59
74 86
76 50
84 86
92 59
99 54
76 43
18 38
47 69
99 52
49 56
8 57
26 42
18 43
22 25
74 58
71 95
65 54
93 75
14 58
44 100
61 66
91 90
46 47
44 9
2 7
31 100
15 16
48 68
67 77
92 28
30 52
82 4
17 13
70 56
68 20
1 60
57 15
23 30
45 26
88 51
89 30
33 9
100 5
67 37
12 58
46 21
68 1
24 56
61 38
53 63
15 3
61 2
3 5
62 73
39 58
99 57
13 78
77 97
3 14
86 44
74 48
60 41
79 98
8 6
94 60
38 2
71 56
4 62
56 61
62 32
42 77
92 13
7 16
89 46
72 73
17 59
70 2
93 70
92 87
26 13
9 52
7 31
94 40
97 19
77 12
55 47
53 12
73 31
50 88
20 97
78 59
94 86
80 44
11 68
90 92
50 15
84 75
29 32
11 62
3 51
36 83
39 72
45 88
73 27
55 61
98 90
67 49
31 64
68 88
20 38
94 71
36 54
13 65
64 69
95 4
5 10
32 42
29 60
84 33
98 52
90 19
61 93
90 23
75 90
21 27
69 78
67 41
13 50
16 22
82 34
92 16
100 16
28 71
12 22
74 54
55 52
49 81
67 22
41 86
5 32
81 2
60 80
36 18
24 88
61 62
48 13
40 98
23 13
43 95
29 59
41 50
5 81
32 98
74 71
47 67
54 51
23 91
69 50
24 89
44 47
52 31
82 15
23 42
82 57
35 41
75 100
63 7
32 11
91 26
68 35
61 60
33 74
54 44
69 37
94 46
55 87
73 4
8 11
19 63
58 45
30 44
98 36
34 84
42 93
41 18
100 24
3 16
9 100
17 79
30 19
22 81
58 35
95 64
60 90
56 20
24 90
61 1
97 26
2 39
2 51
28 42
13 75
46 64
48 69
38 4
92 77
84 12
19 66
78 37
85 59
17 51
62 24
35 91
25 72
52 58
88 64
76 31
69 44
94 99
8 67
26 82
47 42
13 19
59 97
11 9
87 24
91 78
34 14
65 73
50 29
64 83
17 83
79 26
45 53
13 33
27 29
45 85
63 57
53 92
98 46
46 15
16 86
88 63
86 51
17 29
83 20
63 21
17 48
93 54
64 23
25 14
4 81
3 66
77 54
19 28
93 81
97 60
31 56
95 15
40 10
7 33
28 89
71 97
83 74
17 36
61 26
63 70
1 23
96 94
7 39
95 23
46 9
16 55
11 69
37 46
63 47
18 30
40 41
56 46
89 20
1 24
55 12
58 10
90 100
30 73
62 87
51 70
16 97
2 71
7 44
41 68
30 15
25 58
30 92
60 63
27 68
34 97
48 3
6 10
100 81
24 64
47 32
3 39
25 81
17 67
64 55
61 36
76 5
60 99
32 39
43 96
69 19
31 34
6 13
94 15
56 58
78 62
42 86
8 54
22 52
46 12
56 45
90 54
52 51
19 50
2 27
100 82
43 20
43 81
82 74
40 78
75 43
45 95
7 26
27 98
79 28
100 46
68 5
92 84
44 50
90 46
47 15
57 53
19 92
20 35
85 81
59 93
9 5
79 7
58 69
31 24
13 10
59 24
73 61
55 23
16 26
34 94
91 34
25 93
94 95
12 64
36 32
15 20
79 48
90 5
63 75
12 28
3 74
71 89
14 46
51 58
34 93
72 33
4 12
3 88
10 28
74 17
22 14
45 36
30 7
97 6
59 15
4 51
13 52
58 77
5 1
48 43
52 68
87 44
22 26
28 16
78 88
15 64
56 8
75 76
16 62
31 45
98 11
92 75
49 36
77 93
22 100
24 2
22 10
81 48
40 88
89 29
14 20
28 36
89 54
8 95
27 78
48 78
4 39
84 1
66 44
46 79
9 68
70 72
29 93
54 62
71 57
7 42
9 3
49 38
92 86
83 86
22 5
93 37
24 17
64 8
23 25
3 86
11 19
99 83
8 98
7 60
64 62
98 83
96 17
93 9
38 48
36 46
66 35
62 23
66 47
14 13
23 58
80 83
91 95
79 54
11 65
59 50
91 51
1 83
81 51
70 34
30 62
85 95
63 4
47 90
54 1
61 9
66 26
44 37
50 38
33 58
92 73
97 30
81 70
95 50
69 54
72 66
62 7
52 29
64 80
25 78
87 31
21 23
85 56
75 38
4 99
89 58
38 80
86 77
97 22
38 46
9 12
55 8
17 32
93 5
68 53
22 72
23 67
38 63
61 64
76 59
29 73
24 46
45 38
95 42
16 78
45 34
91 1
24 16
43 28
94 11
62 9
48 51
85 32
75 22
63 44
55 5
14 8
84 41
31 98
84 44
2 95
83 63
52 93
74 85
90 67
61 32
32 6
38 96
1 26
42 35
99 38
18 58
93 49
11 64
28 52
18 94
7 92
28 81
11 92
35 67
59 72
16 53
85 27
80 96
1 71
76 16
60 53
98 53
77 80
15 12
93 14
80 76
93 88
39 79
97 75
28 26
59 70
49 47
92 85
59 35
64 56
46 80
44 59
11 76
73 74
22 21
8 31
65 12
31 20
64 36
99 15
49 39
18 85
49 51
48 34
62 50
82 59
100 62
21 76
3 28
13 47
93 79
58 94
89 6
23 39
69 23
70 64
15 25
74 47
23 22
93 33
83 96
88 82
69 33
62 13
45 50
62 6
87 91
8 86
70 67
90 74
93 36
19 59
72 76
92 38
86 19
11 12
67 30
70 27
28 2
86 75
23 87
42 80
6 92
85 91
8 70
39 24
21 89
64 93
55 21
96 69
63 61
4 61
95 52
55 93
6 79
20 53
6 86
92 68
71 60
20 86
36 43
31 99
91 48
15 91
71 16
79 71
91 92
94 93
78 95
91 94
52 62
67 72
20 75
29 43
97 93
61 65
64 20
72 8
22 58
7 70
43 100
36 33
23 83
85 98
4 83
96 45
57 25
97 9
79 56
88 56
83 31
93 78
73 8
49 72
28 99
98 19
36 57
39 93
65 76
14 4
69 67
22 88
14 27
94 7
81 34
62 49
95 3
65 90
45 74
6 66
1 94
28 94
64 58
52 36
54 70
81 30
60 22
21 65
12 2
24 27
15 100
86 7
86 59
68 90
47 70
90 10
47 77
48 80
46 27
39 97
60 16
85 65
100 1
33 79
1 41
95 10
53 2
48 15
76 12
58 4
43 12
85 53
1 77
50 14
59 81
74 8
16 34
75 15
76 58
35 6
14 2
78 9
89 61
2 69
46 43
91 79
99 29
45 86
81 67
96 58
79 45
33 96
72 6
86 60
47 81
67 13
51 9
51 85
79 25
37 34
5 61
31 92
57 45
26 47
64 47
63 95
90 45
49 52
27 64
57 46
66 16
1 37
58 84
35 25
19 37
81 62
84 48
7 23
77 30
93 63
46 68
45 97
17 87
55 6
3 30
30 48
7 69
33 24
18 35
38 74
18 34
34 53
79 13
31 59
59 87
47 5
52 57
28 76
88 65
56 57
91 55
9 36
71 62
76 33
31 41
90 35
80 7
93 20
79 57
58 42
24 76
44 61
81 55
23 52
70 35
54 27
42 27
50 67
74 29
21 15
3 29
67 36
75 91
11 29
14 80
33 73
53 25
24 26
81 72
17 90
99 53
11 2
45 7
87 2
40 71
86 35
11 70
39 67
23 26
99 98
23 79
1 8
53 58
82 30
70 52
34 75
49 16
63 2
65 69
68 39
11 87
99 86
11 72
88 99
43 13
51 11
81 53
55 17
82 9
39 100
55 30
87 20
57 38
55 25
50 80
70 39
57 62
59 32
17 70
56 82
73 28
1 89
49 7
8 3
64 60
35 46
40 51
8 20
32 76
98 2
1 21
91 6
15 40
96 23
80 57
77 75
64 5
19 42
96 91
55 32
58 90
65 74
35 23
37 13
74 100
98 38
7 25
8 41
99 56
63 41
10 64
49 41
79 60
56 40
43 3
27 72
72 46
95 99
95 22
8 39
40 47
36 89
87 98
39 62
50 53
36 1
73 47
76 37
78 60
19 87
100 40
61 48
97 98
40 39
90 12
29 75
73 38
10 85
88 12
67 93
77 13
86 90
87 50
26 95
15 13
15 70
32 83
51 56
95 92
23 75
76 6
72 20
26 60
34 55
15 81
32 38
9 2
52 35
92 50
9 55
33 90
93 98
77 21
21 52
85 35
60 27
6 70
30 75
71 41
100 61
65 79
78 32
54 75
27 33
80 16
100 60
90 64
28 83
48 49
20 67
42 36
89 45
59 26
32 24
3 50
6 38
7 89
88 8
31 77
55 51
87 37
57 27
16 82
95 60
27 22
38 34
94 39
88 44
28 54
89 5
82 29
39 35
37 43
81 24
22 63
49 68
76 62
47 79
24 67
43 65
54 87
88 48
16 20
72 98
5 88
47 1
33 66
83 79
84 96
79 12
35 13
37 35
65 77
2 4
44 33
7 14
93 21
36 10
16 77
18 88
37 41
95 13
43 68
3 64
25 29
28 98
14 54
47 2
12 48
35 61
22 90
91 21
66 20
43 39
88 60
56 52
35 75
98 45
72 19
27 31
4 53
32 10
78 81
17 35
6 85
30 49
34 64
13 63
49 25
52 88
72 75
33 80
23 57
62 40
40 90
32 9
55 40
6 28
38 89
98 92
35 45
28 24
69 53
17 34
19 52
40 87
99 3
74 84
93 2
84 28
42 92
27 3
19 64
55 80
58 63
6 19
71 24
41 5
37 94
24 9
21 4
27 55
88 97
34 95
34 92
56 89
75 89
38 53
49 84
99 93
55 15
12 29
93 44
69 88
21 3
97 44
65 23
41 69
37 68
51 76
25 2
71 39
22 2
26 17
76 61
65 5
98 29
45 52
12 94
46 39
28 86
89 40
27 58
62 44
61 15
35 34
1 85
41 100
98 7
64 38
16 42
99 14
69 86
53 33
60 98
30 58
82 70
73 19
90 63
14 94
11 37
70 40
9 35
36 24
62 65
34 47
13 66
6 1
46 52
1 48
76 90
17 46
49 33
20 76
93 62
26 56
95 5
100 77
15 63
7 72
70 43
61 22
50 35
79 100
2 74
47 28
12 47
80 53
35 21
2 89
80 97
5 35
94 73
29 100
73 46
50 99
13 7
37 24
61 71
63 66
66 51
42 18
22 11
89 70
14 100
44 35
69 80
70 87
5 16
88 53
48 77
73 58
8 83
97 92
62 75
55 68
42 96
91 67
43 25
20 78
68 26
39 57
49 14
18 39
39 50
4 56
10 55
12 63
83 61
69 61
87 13
28 90
98 73
52 100
12 42
92 56
72 16
45 17
95 18
59 75
13 69
20 25
21 36
23 56
9 84
26 93
61 98
36 4
35 47
81 46
85 72
77 99
3 83
76 53
42 2
50 77
67 64
89 47
76 82
84 26
38 94
91 24
76 44
40 27
14 32
6 61
52 15
27 52
36 6
81 20
67 40
74 95
74 67
92 22
12 18
13 4
86 65
2 77
92 3
9 41
60 73
18 66
11 56
2 78
4 100
46 69
37 83
58 99
74 25
40 63
56 73
7 22
18 53
64 35
8 63
49 74
49 50
78 6
88 7
35 62
33 47
9 6
21 74
46 86
65 4
93 87
90 25
29 66
33 40
77 43
89 81
26 63
81 84
76 81
25 47
42 44
35 43
4 87
23 40
56 66
74 53
36 19
85 87
66 80
90 34
88 6
47 20
96 22
87 96
47 31
8 27
47 91
35 81
42 74
23 94
36 2
27 19
26 76
13 81
71 8
98 78
61 10
74 7
79 44
70 1
90 61
82 91
63 98
37 88
51 34
46 29
30 25
80 15
29 83
60 28
32 97
17 88
16 89
12 98
98 35
77 82
32 26
23 4
81 69
24 45
82 68
53 28
30 35
34 13
17 19
54 5
17 86
11 41
67 58
24 85
14 6
84 79
35 16
4 54
23 27
98 15
18 74
17 28
71 5
100 64
82 23
21 97
68 23
13 56
67 3
39 48
11 84
61 82
14 74
5 19
32 71
85 25
61 30
37 77
83 43
70 98
16 1
68 89
87 99
56 60
37 12
34 32
34 68
25 38
70 58
3 98
72 34
96 37
80 86
34 41
14 82
73 43
1 30
39 92
30 95
73 20
28 50
87 33
21 31
98 6
65 27
59 6
9 28
72 57
40 36
27 97
67 48
38 85
8 91
6 96
99 32
6 37
42 99
49 24
26 36
79 40
89 82
79 8
59 22
60 35
15 72
79 14
3 11
18 19
20 10
59 77
4 9
35 56
70 19
17 58
49 29
2 3
11 89
31 65
16 13
66 49
10 80
40 59
54 3
48 36
83 53
91 7
81 82
67 76
45 44
46 26
4 67
85 90
35 80
15 26
36 91
97 15
52 43
100 37
9 1
52 25
34 71
45 82
70 28
8 5
17 78
45 5
5 29
85 57
83 77
99 59
37 58
69 21
19 20
21 57
63 100
2 62
26 67
7 38
34 7
24 43
90 15
65 87
15 36
76 4
97 83
16 41
86 53
94 85
16 61
28 72
60 91
54 57
48 75
59 30
33 43
86 34
98 88
42 76
79 20
17 93
24 65
64 45
65 48
7 95
81 14
79 61
37 36
60 2
12 27
6 81
3 63
44 5
99 24
5 98
14 51
29 94
87 27
30 42
13 22
80 58
21 14
90 9
95 51
51 12
52 6
20 32
61 97
45 71
67 92
73 34
8 30
65 50
100 50
59 62
1 93
80 26
70 4
85 69
46 49
92 14
61 54
15 71
23 19
29 1
87 45
72 32
37 48
66 57
92 47
72 56
85 77
41 7
11 38
58 9
64 78
69 31
68 72
42 82
69 76
6 29
16 10
73 9
1 92
59 83
90 95
14 62
82 18
62 19
92 18
69 15
95 82
57 44
10 18
17 89
41 65
98 18
64 25
39 52
40 84
17 63
42 33
74 89
74 20
73 24
13 31
99 23
28 5
69 4
27 89
77 28
95 44
74 41
3 31
60 87
88 36
78 54
44 17
29 19
7 27
47 96
4 11
45 16
6 71
37 57
89 79
78 43
45 77
39 38
73 87
73 67
36 72
12 54
23 80
52 20
20 91
29 67
78 83
44 20
52 86
99 71
51 92
72 51
9 49
37 15
85 83
80 59
85 2
41 48
80 87
15 41
52 71
82 47
46 71
33 46
90 52
41 92
24 41
57 5
75 14
13 59
16 50
31 43
65 67
73 3
5 26
92 9
70 38
21 30
7 66
35 79
70 99
84 2
68 21
50 66
85 100
40 82
27 92
38 43
74 9
7 56
9 23
29 54
1 78
47 57
88 43
9 21
56 100
46 92
96 90
71 80
