1008
1 3
1 8
1 12
1 16
1 22
1 23
1 33
1 40
1 41
1 42
1 49
1 51
1 52
1 53
1 55
1 59
1 60
1 61
1 62
1 73
1 78
1 91
1 92
1 94
1 95
2 5
2 16
2 20
2 21
2 24
2 28
2 29
2 35
2 40
2 41
2 42
2 44
2 50
2 51
2 55
2 69
2 71
2 74
2 80
2 83
2 87
2 93
2 100
3 7
3 14
3 21
3 24
3 30
3 45
3 46
3 49
3 52
3 54
3 55
3 56
3 59
3 61
3 62
3 63
3 66
3 71
3 73
3 80
3 88
3 91
3 94
3 97
3 98
4 12
4 13
4 27
4 32
4 33
4 39
4 41
4 44
4 45
4 59
4 73
4 80
4 93
4 94
4 95
4 99
5 8
5 9
5 10
5 11
5 30
5 35
5 40
5 54
5 69
5 73
5 78
5 79
5 84
5 85
5 86
5 87
5 88
5 100
6 8
6 27
6 33
6 39
6 46
6 50
6 55
6 61
6 65
6 69
6 81
6 82
6 85
6 89
6 90
6 99
7 12
7 16
7 17
7 18
7 30
7 31
7 33
7 38
7 45
7 47
7 51
7 52
7 60
7 70
7 74
7 79
7 87
7 88
7 92
7 96
8 14
8 16
8 24
8 45
8 51
8 56
8 59
8 68
8 70
8 73
8 76
8 81
8 85
8 89
8 91
8 93
9 11
9 12
9 13
9 23
9 29
9 32
9 40
9 44
9 51
9 53
9 55
9 59
9 60
9 66
9 67
9 68
9 75
9 90
9 92
9 95
9 98
9 100
10 14
10 15
10 16
10 18
10 27
10 28
10 37
10 43
10 48
10 52
10 60
10 61
10 69
10 72
10 83
10 84
10 87
10 88
10 90
10 93
11 15
11 22
11 23
11 24
11 25
11 31
11 32
11 33
11 38
11 42
11 46
11 47
11 57
11 63
11 76
11 82
11 90
11 93
12 15
12 17
12 19
12 29
12 30
12 36
12 38
12 47
12 50
12 58
12 61
12 62
12 67
12 68
12 70
12 72
12 77
12 79
12 81
12 84
12 86
12 90
12 91
12 93
12 100
13 35
13 46
13 52
13 53
13 56
13 62
13 68
13 79
13 87
13 90
13 94
13 97
13 98
13 99
13 100
14 20
14 23
14 26
14 35
14 45
14 55
14 66
14 67
14 73
14 76
14 77
14 78
14 82
14 84
14 90
15 18
15 21
15 24
15 32
15 34
15 39
15 47
15 51
15 55
15 56
15 57
15 59
15 67
15 71
15 72
15 74
15 92
16 17
16 19
16 29
16 32
16 35
16 36
16 38
16 45
16 70
16 74
16 84
16 86
16 89
16 90
16 94
17 19
17 41
17 44
17 46
17 47
17 54
17 56
17 57
17 59
17 62
17 68
17 71
17 72
17 73
17 78
17 90
17 91
17 94
18 22
18 37
18 47
18 51
18 52
18 54
18 63
18 65
18 71
18 74
18 77
18 79
18 80
19 22
19 35
19 36
19 40
19 43
19 46
19 47
19 53
19 62
19 64
19 67
19 71
19 80
19 83
19 92
19 99
20 21
20 22
20 23
20 25
20 29
20 31
20 40
20 48
20 66
20 69
20 70
20 73
20 77
20 78
20 82
20 89
20 90
20 96
21 30
21 38
21 40
21 49
21 50
21 52
21 56
21 57
21 58
21 72
21 74
21 79
21 82
21 84
21 89
21 92
21 97
21 100
22 24
22 31
22 34
22 48
22 49
22 51
22 56
22 76
22 77
22 86
22 87
22 91
22 97
22 100
23 26
23 28
23 30
23 35
23 37
23 60
23 62
23 67
23 68
23 70
23 72
23 78
23 81
23 85
23 97
24 28
24 32
24 34
24 42
24 54
24 56
24 64
24 68
24 70
24 71
24 74
24 76
24 79
24 83
24 96
24 100
25 38
25 40
25 44
25 45
25 51
25 61
25 70
25 71
25 79
25 85
25 92
25 95
26 33
26 38
26 50
26 51
26 52
26 69
26 71
26 79
26 80
26 81
26 83
26 85
26 93
26 95
26 99
27 33
27 39
27 45
27 49
27 50
27 53
27 57
27 64
27 72
27 91
27 99
27 100
28 29
28 33
28 42
28 48
28 56
28 70
28 75
28 79
28 80
28 81
28 88
28 90
29 30
29 31
29 33
29 45
29 46
29 47
29 56
29 57
29 66
29 74
29 76
29 84
29 87
29 90
29 91
29 94
29 97
30 40
30 41
30 43
30 46
30 47
30 51
30 53
30 55
30 62
30 71
30 72
30 80
30 88
30 90
30 91
31 33
31 35
31 39
31 42
31 46
31 47
31 51
31 57
31 61
31 65
31 67
31 70
31 74
31 77
31 86
31 89
31 90
31 95
31 97
32 43
32 54
32 64
32 65
32 66
32 72
32 76
32 86
32 89
32 95
32 100
33 45
33 47
33 51
33 56
33 58
33 61
33 62
33 63
33 80
33 82
33 83
33 84
33 96
33 98
34 40
34 45
34 63
34 73
34 74
34 76
34 82
34 88
34 96
34 98
34 99
34 100
35 36
35 37
35 42
35 44
35 52
35 56
35 57
35 61
35 64
35 65
35 68
35 70
35 72
35 78
35 79
35 84
35 89
35 91
35 92
35 99
36 40
36 44
36 55
36 66
36 67
36 77
36 84
36 92
36 93
37 42
37 45
37 66
37 80
37 96
38 39
38 49
38 55
38 79
38 81
38 89
38 99
39 67
39 69
39 70
39 75
39 80
39 82
39 84
39 85
39 98
40 44
40 45
40 47
40 52
40 53
40 69
40 72
40 76
40 81
40 83
40 89
40 90
40 92
40 93
41 42
41 43
41 46
41 52
41 57
41 60
41 65
41 69
41 70
41 71
41 79
41 80
41 85
41 93
41 95
41 96
41 98
42 52
42 55
42 56
42 57
42 60
42 61
42 64
42 66
42 67
42 72
42 76
42 84
42 89
42 94
42 99
43 59
43 63
43 68
43 69
43 75
43 79
43 87
43 92
43 98
43 100
44 47
44 53
44 55
44 60
44 64
44 67
44 68
44 69
44 74
44 75
44 78
44 90
44 91
44 95
44 96
44 99
45 48
45 49
45 51
45 54
45 60
45 65
45 73
45 79
45 84
45 96
46 53
46 59
46 68
46 70
46 73
46 79
46 89
46 90
46 91
46 93
46 97
46 99
47 57
47 60
47 62
47 67
47 76
47 79
47 80
47 82
47 85
47 86
47 87
47 89
47 93
48 57
48 60
48 70
48 75
48 79
48 81
48 87
48 92
48 95
48 96
48 97
48 98
49 57
49 60
49 81
49 83
49 85
49 91
49 94
49 97
50 52
50 55
50 57
50 58
50 63
50 69
50 72
50 73
50 77
50 83
50 88
50 89
50 93
50 100
51 52
51 53
51 54
51 56
51 66
51 69
51 71
51 72
51 80
51 81
51 86
51 87
51 90
52 53
52 57
52 66
52 67
52 75
52 78
52 82
52 88
52 89
52 91
52 94
53 56
53 57
53 58
53 62
53 63
53 68
53 69
53 83
53 90
53 91
53 97
53 98
54 60
54 62
54 66
54 75
54 77
54 82
54 84
54 87
55 63
55 65
55 71
55 76
55 81
55 84
55 85
55 94
56 57
56 60
56 68
56 77
56 99
57 62
57 65
57 68
57 79
57 83
57 87
57 90
58 59
58 63
58 64
58 67
58 70
58 72
58 74
58 76
58 84
58 87
58 94
59 71
59 79
59 82
59 86
59 88
59 100
60 66
60 67
60 78
60 81
60 84
60 87
60 88
60 94
60 100
61 67
61 74
61 81
61 88
61 90
61 94
61 97
61 100
62 66
62 67
62 68
62 69
62 75
62 76
62 87
62 92
62 99
63 64
63 65
63 66
63 71
63 88
63 93
63 99
63 100
64 78
64 82
64 83
64 84
64 87
64 94
64 97
64 100
65 66
65 69
65 72
65 79
65 85
65 94
65 95
66 71
66 75
66 76
66 97
66 98
66 100
67 74
67 79
67 80
67 92
67 100
68 74
68 82
68 85
68 89
68 98
69 70
69 78
69 79
69 88
69 92
69 95
69 96
70 73
70 79
70 82
70 89
70 99
71 72
71 73
71 77
71 78
71 80
71 81
71 82
71 93
72 78
72 79
72 84
72 94
72 98
72 100
73 85
73 86
73 89
73 92
74 88
74 89
74 99
75 93
75 99
76 85
76 88
76 97
76 99
77 87
77 91
77 98
78 79
78 90
78 93
78 100
79 86
79 90
79 94
79 98
80 81
80 84
80 87
80 88
80 92
80 98
81 87
81 98
81 99
82 89
82 92
82 97
83 85
83 87
83 88
83 91
83 100
84 86
84 95
85 89
85 90
85 91
85 93
85 97
85 98
86 89
86 96
86 97
87 90
87 94
87 95
87 97
87 98
88 96
88 100
89 100
90 93
90 96
91 92
91 93
92 94
93 98
93 99
93 100
94 95
97 98
97 100
99 100
