100
3 98
85 9
96 89
97 62
84 51
80 31
67 91
77 91
7 9
44 6
21 11
95 59
21 14
72 39
41 92
34 17
30 62
3 16
69 24
83 90
60 8
34 64
35 64
9 82
29 85
57 39
59 37
3 91
57 83
23 20
49 11
11 82
4 18
76 34
51 62
67 12
88 90
52 29
93 61
40 7
88 70
23 85
2 21
99 7
65 18
46 52
61 38
84 34
57 55
46 57
55 29
65 23
81 49
82 19
67 25
38 55
95 4
26 72
63 6
99 91
53 99
29 61
23 86
55 33
57 59
11 58
44 62
13 65
85 83
48 38
78 75
65 56
15 41
25 55
70 71
5 13
33 73
28 95
3 47
43 38
68 52
82 89
85 17
82 39
18 9
55 45
98 9
43 54
25 84
40 83
62 33
18 97
43 68
32 37
100 86
37 46
94 35
22 17
19 36
19 14
78 5
65 93
59 31
35 90
60 91
22 58
30 25
50 73
3 52
72 84
94 69
52 75
1 65
51 46
89 65
83 65
41 50
69 75
23 31
30 95
82 91
94 53
52 45
87 97
98 90
25 49
27 14
46 43
50 61
85 95
21 74
46 85
8 16
98 21
18 22
94 72
58 28
24 79
5 69
83 48
63 71
78 24
64 39
70 5
82 10
97 94
12 81
63 53
57 21
30 42
22 98
50 45
31 92
17 70
48 29
67 86
47 57
70 11
84 87
3 40
83 62
5 77
68 48
76 72
8 40
84 47
47 33
92 74
69 4
33 14
59 38
64 92
14 3
76 18
48 8
14 47
77 70
65 90
52 22
24 41
34 95
70 100
18 30
32 22
79 56
58 15
49 23
42 77
11 6
98 28
92 7
50 28
10 90
85 38
53 20
18 20
34 99
20 17
56 96
48 90
93 42
9 2
95 11
81 5
35 18
93 11
49 86
51 26
14 6
59 49
64 93
66 67
40 30
24 1
6 27
54 45
95 100
45 76
88 21
97 76
72 18
9 93
44 34
22 75
72 98
15 68
36 31
98 69
35 6
23 18
74 16
23 52
97 36
89 81
81 20
82 5
17 36
73 69
35 37
100 20
30 38
62 12
41 43
42 52
35 66
56 77
71 23
1 98
43 21
23 60
44 27
46 55
72 35
12 97
14 66
63 22
47 60
4 6
26 1
20 22
90 64
80 44
92 51
4 79
77 7
25 89
46 35
8 3
4 76
43 66
70 37
96 100
80 46
93 1
33 96
54 84
49 37
16 57
32 91
26 100
60 32
27 65
95 29
43 39
92 67
43 89
99 12
15 95
30 57
87 75
47 27
31 91
11 5
73 79
20 84
44 71
54 9
46 91
30 77
79 9
13 88
94 86
76 86
87 28
29 2
27 90
40 33
97 56
15 69
67 64
34 5
26 38
11 55
9 68
39 56
63 81
16 22
26 79
85 100
7 17
60 61
47 80
2 57
67 22
1 53
58 4
14 59
98 47
80 35
24 48
61 41
56 9
30 98
20 56
89 95
25 19
15 17
36 77
77 69
62 71
92 59
65 8
49 64
60 42
37 55
43 24
24 89
53 26
22 96
74 72
19 71
52 34
90 82
83 81
95 5
8 18
88 7
1 77
45 56
57 92
53 45
58 81
96 8
92 68
99 95
1 74
26 90
75 49
30 73
77 22
82 78
33 83
17 18
53 16
89 55
47 56
2 36
96 45
98 82
31 28
45 6
22 87
99 32
68 11
68 32
53 3
90 30
4 88
82 45
4 34
78 89
8 81
33 46
77 88
32 39
43 26
12 8
54 99
24 2
9 29
10 65
26 14
100 91
6 42
87 93
27 55
100 9
60 50
29 42
84 16
36 58
31 30
5 42
92 50
42 59
28 75
72 16
69 97
21 78
98 92
7 25
12 64
76 80
51 42
21 1
45 91
3 82
93 95
26 92
25 21
48 6
74 68
63 24
58 29
16 10
58 21
35 79
39 30
56 29
10 72
44 45
25 62
39 5
38 3
88 60
75 26
81 29
64 66
36 87
70 72
55 73
25 98
1 39
90 62
11 71
70 53
77 50
78 98
27 19
84 13
62 72
41 12
19 44
70 46
24 55
3 19
48 34
85 22
34 65
86 4
31 33
93 94
9 23
22 57
72 17
86 93
23 25
93 73
38 12
36 100
30 53
84 3
98 20
78 80
73 1
24 57
25 57
39 3
79 92
57 69
41 87
32 14
46 62
63 62
73 96
26 10
84 94
5 37
51 18
1 82
3 92
47 54
84 93
34 42
30 59
89 40
50 83
28 69
37 89
81 33
38 22
56 17
61 75
90 1
77 63
49 14
7 58
43 56
83 30
10 31
63 47
31 62
78 52
76 85
73 2
43 30
37 74
83 5
78 30
95 94
75 24
40 93
23 5
77 31
27 43
56 14
15 23
41 26
76 70
69 37
9 30
17 14
45 12
82 95
97 2
60 33
6 41
18 50
48 47
56 76
70 15
74 67
46 13
21 77
1 25
84 83
33 86
16 32
6 94
43 4
83 24
43 62
36 52
51 9
49 92
37 8
49 21
16 81
15 54
61 56
27 98
58 65
67 75
87 10
23 44
72 47
26 34
90 55
27 66
22 74
86 15
97 70
54 98
99 5
34 88
75 2
95 53
90 68
90 56
58 9
22 64
62 84
70 60
24 32
55 94
32 28
28 97
11 89
7 61
59 26
50 23
71 9
65 59
46 6
91 59
94 49
30 20
34 10
8 20
40 19
99 78
98 70
90 95
71 72
53 69
2 89
51 20
1 22
4 55
61 66
23 30
66 60
73 40
31 54
80 11
44 63
69 80
70 40
7 12
77 87
13 54
12 80
88 36
10 14
9 63
44 95
54 97
5 76
78 61
67 42
39 9
18 82
27 38
48 22
70 6
1 49
83 4
14 48
80 19
41 42
24 53
87 37
78 41
37 71
74 38
43 36
83 3
62 1
4 14
77 4
2 99
99 72
6 60
1 86
97 79
59 24
76 42
72 45
74 40
56 37
98 50
58 45
45 23
32 11
79 50
63 61
95 92
9 42
36 86
11 1
48 26
54 57
32 72
32 42
6 19
15 20
46 75
49 84
67 68
50 62
20 59
1 14
76 98
88 63
7 71
6 8
2 35
21 4
92 28
66 1
6 20
82 59
72 2
62 7
100 43
12 57
57 35
45 94
64 88
68 100
96 20
97 20
40 11
10 79
16 89
2 64
75 60
86 9
12 89
36 28
59 84
50 56
7 4
1 41
11 3
49 100
25 13
2 48
58 90
16 26
96 44
1 45
24 28
24 30
63 69
80 61
83 49
44 48
97 95
47 100
79 47
33 6
91 75
84 14
53 25
64 25
76 60
20 27
11 19
10 92
96 61
18 48
83 63
52 92
90 87
59 17
63 29
21 12
46 58
3 89
97 3
15 18
67 34
50 68
24 74
94 50
91 65
97 11
80 15
79 74
20 48
20 54
100 30
87 100
23 78
41 60
40 17
45 9
48 28
36 47
74 46
1 37
36 84
74 20
17 82
3 94
8 28
69 35
66 72
20 75
48 57
48 46
16 28
22 99
8 99
55 96
70 31
65 19
31 6
56 69
95 25
24 84
99 26
38 96
19 61
69 14
81 53
94 65
80 98
18 95
97 24
91 20
5 41
5 26
96 27
6 67
74 17
75 35
36 60
91 78
27 64
38 29
12 37
88 31
40 96
5 33
20 92
35 59
4 17
100 27
39 84
98 91
75 4
56 42
85 21
81 31
4 10
75 51
36 24
52 90
32 58
17 89
48 82
98 68
70 86
89 69
98 65
75 37
87 2
27 86
4 90
84 68
18 96
45 46
53 31
79 93
96 74
86 66
22 73
9 81
63 56
29 7
81 95
49 6
40 82
78 9
55 50
46 78
65 72
22 23
67 13
20 31
33 9
65 50
20 65
28 63
51 17
27 7
87 34
12 44
93 14
94 48
66 90
72 4
100 53
1 96
76 12
21 65
66 2
53 65
21 66
57 96
29 98
32 84
70 49
73 91
20 90
68 61
86 56
68 18
58 66
89 22
41 35
19 23
67 87
29 72
62 89
70 75
38 80
42 62
89 6
39 16
56 7
100 31
68 17
71 32
85 20
62 40
37 81
76 67
27 77
92 75
64 36
18 28
100 59
20 9
30 93
85 66
13 94
79 21
33 89
95 84
8 74
76 19
40 42
29 88
69 81
59 76
53 13
60 65
19 94
49 22
31 2
51 61
39 38
18 79
68 19
30 97
49 89
80 20
16 87
100 17
67 55
43 59
79 42
54 87
93 78
89 15
63 4
30 60
16 68
86 43
79 19
52 96
17 75
69 33
66 42
95 88
80 84
91 85
26 86
83 15
85 43
19 64
94 16
41 17
98 59
29 40
12 14
47 53
86 55
41 36
74 52
52 66
97 72
83 35
63 90
21 69
59 21
32 38