GC500
Colors: 83
Permutation: [389, 26, 250, 330, 249, 243, 54, 242, 49, 329, 338, 191, 115, 363, 156, 32, 146, 387, 33, 108, 232, 180, 253, 393, 53, 117, 227, 403, 388, 204, 113, 426, 219, 460, 19, 225, 137, 16, 489, 304, 10, 354, 173, 95, 132, 318, 355, 112, 151, 47, 61, 366, 69, 287, 285, 200, 72, 434, 
135, 479, 85, 119, 377, 467, 375, 223, 292, 272, 283, 321, 348, 15, 74, 454, 410, 141, 63, 198, 3, 402, 147, 374, 62, 133, 183, 18, 401, 197, 78, 370, 406, 164, 413, 216, 4, 269, 106, 126, 352, 317, 335, 6, 265, 34, 340, 465, 56, 496, 447, 300, 65, 336, 46, 437, 142, 80, 207, 420, 424, 438, 473, 41, 8, 20, 327, 86, 99, 102, 116, 124, 127, 134, 178, 199, 301, 337, 396, 399, 405, 418, 485, 495, 296, 52, 77, 158, 189, 217, 247, 295, 429, 446, 484, 40, 110, 38, 138, 212, 220, 222, 268, 277, 353, 365, 422, 468, 498, 497, 210, 246, 275, 299, 305, 428, 455, 457, 461, 491, 14, 43, 
71, 84, 105, 130, 152, 159, 179, 190, 193, 233, 264, 271, 313, 7, 380, 176, 79, 331, 411, 205, 419, 425, 291, 98, 325, 23, 104, 90, 92, 229, 476, 73, 27, 122, 480, 312, 357, 490, 57, 188, 155, 226, 488, 11, 342, 306, 136, 168, 161, 431, 120, 166, 131, 237, 486, 150, 202, 218, 224, 487, 404, 451, 343, 182, 475, 279, 97, 22, 87, 286, 201, 445, 332, 206, 194, 385, 356, 184, 361, 187, 274, 439, 469, 376, 123, 288, 493, 278, 36, 499, 324, 228, 416, 360, 39, 68, 51, 350, 309, 30, 31, 464, 0, 362, 208, 70, 167, 58, 245, 481, 214, 177, 129, 13, 323, 303, 367, 482, 289, 359, 44, 261, 143, 144, 373, 441, 436, 248, 60, 344, 139, 333, 384, 290, 314, 42, 319, 382, 83, 408, 76, 392, 449, 153, 470, 407, 381, 371, 213, 478, 444, 383, 100, 169, 171, 322, 28, 270, 471, 339, 298, 239, 165, 89, 160, 235, 442, 379, 5, 196, 148, 211, 266, 109, 2, 162, 140, 448, 435, 1, 48, 244, 293, 346, 294, 256, 125, 308, 64, 390, 35, 358, 29, 157, 423, 351, 59, 310, 37, 452, 234, 432, 263, 67, 494, 334, 364, 181, 259, 215, 394, 24, 453, 12, 492, 45, 88, 192, 276, 195, 345, 400, 462, 238, 203, 421, 96, 433, 101, 372, 347, 368, 417, 328, 386, 397, 466, 154, 252, 121, 209, 17, 231, 316, 302, 369, 81, 414, 240, 450, 170, 103, 395, 477, 474, 230, 281, 341, 391, 456, 25, 66, 280, 409, 430, 107, 21, 114, 94, 163, 255, 273, 315, 326, 483, 378, 257, 9, 118, 463, 241, 297, 349, 427, 307, 236, 443, 472, 172, 149, 262, 55, 440, 320, 82, 91, 311, 398, 75, 111, 258, 458, 93, 
128, 267, 284, 415, 175, 412, 251, 260, 459, 50, 145, 174, 221, 254, 282, 185, 186]
Coloring: [(1, 45), (2, 69), (3, 63), (4, 20), (5, 23), (6, 66), (7, 15), (8, 31), (9, 19), (10, 78), (11, 14), (12, 24), (13, 65), (14, 25), (15, 40), (16, 20), (17, 11), (18, 73), (19, 1), (20, 10), (21, 20), (22, 66), (23, 46), (24, 41), (25, 61), (26, 54), (27, 2), (28, 36), (29, 64), 
(30, 62), (31, 41), (32, 56), (33, 6), (34, 8), (35, 28), (36, 63), (37, 37), (38, 27), (39, 36), (40, 33), (41, 35), (42, 5), (43, 19), (44, 28), (45, 45), (46, 70), (47, 31), (48, 11), (49, 35), (50, 5), (51, 77), (52, 53), (53, 27), (54, 10), (55, 4), (56, 78), (57, 15), (58, 47), (59, 
58), (60, 18), (61, 28), (62, 15), (63, 18), (64, 20), (65, 72), (66, 29), (67, 76), (68, 43), (69, 54), (70, 18), (71, 37), (72, 21), (73, 4), (74, 40), (75, 7), (76, 82), (77, 63), (78, 28), (79, 13), (80, 32), (81, 22), (82, 73), (83, 8), (84, 61), (85, 31), (86, 15), (87, 28), (88, 30), (89, 69), (90, 27), (91, 21), (92, 82), (93, 43), (94, 80), (95, 54), (96, 6), (97, 29), (98, 51), (99, 45), (100, 33), (101, 63), (102, 62), (103, 34), (104, 78), (105, 35), (106, 39), (107, 22), (108, 79), (109, 3), (110, 59), (111, 39), (112, 83), (113, 16), (114, 6), (115, 80), (116, 5), (117, 21), (118, 9), (119, 4), (120, 5), (121, 48), (122, 69), (123, 33), (124, 7), (125, 29), (126, 57), (127, 14), (128, 30), (129, 66), (130, 27), (131, 43), (132, 50), (133, 16), (134, 23), (135, 32), (136, 17), (137, 26), (138, 12), (139, 39), (140, 52), (141, 20), (142, 2), (143, 31), (144, 56), (145, 60), (146, 50), (147, 8), (148, 9), (149, 50), (150, 4), (151, 48), (152, 13), (153, 42), (154, 28), (155, 60), (156, 48), (157, 2), (158, 56), (159, 30), (160, 42), (161, 34), (162, 47), (163, 64), (164, 45), (165, 16), (166, 54), (167, 7), (168, 55), (169, 45), (170, 58), (171, 67), (172, 36), (173, 79), (174, 15), (175, 83), (176, 75), (177, 44), (178, 58), (179, 20), (180, 32), (181, 9), (182, 14), (183, 50), (184, 22), (185, 49), (186, 82), (187, 67), (188, 51), (189, 46), (190, 10), (191, 43), (192, 7), (193, 29), (194, 39), (195, 19), (196, 67), (197, 68), (198, 25), (199, 22), (200, 30), (201, 14), (202, 47), (203, 43), (204, 55), (205, 10), (206, 35), (207, 46), (208, 32), (209, 57), (210, 72), (211, 11), (212, 66), (213, 29), (214, 2), (215, 55), (216, 28), (217, 24), (218, 34), (219, 49), (220, 3), (221, 27), (222, 44), (223, 13), (224, 19), (225, 50), (226, 9), (227, 40), (228, 11), (229, 41), (230, 46), (231, 5), (232, 59), (233, 7), (234, 26), (235, 72), (236, 46), (237, 66), (238, 45), (239, 75), (240, 12), (241, 77), (242, 80), (243, 3), (244, 4), (245, 65), (246, 18), (247, 15), (248, 36), (249, 55), (250, 3), (251, 1), (252, 44), (253, 47), (254, 2), (255, 83), (256, 75), (257, 71), (258, 64), (259, 65), (260, 74), (261, 17), (262, 30), (263, 
34), (264, 73), (265, 44), (266, 11), (267, 57), (268, 75), (269, 5), (270, 21), (271, 53), (272, 34), (273, 6), (274, 44), (275, 51), (276, 41), (277, 46), (278, 37), (279, 52), (280, 49), (281, 30), (282, 31), (283, 39), (284, 18), (285, 44), (286, 14), (287, 28), (288, 8), (289, 13), (290, 50), (291, 59), (292, 43), (293, 19), (294, 68), (295, 69), (296, 32), (297, 38), (298, 23), (299, 67), (300, 16), (301, 26), (302, 22), (303, 77), (304, 56), (305, 13), (306, 33), (307, 49), (308, 79), (309, 42), (310, 47), (311, 22), (312, 77), (313, 42), (314, 38), (315, 8), (316, 78), (317, 74), (318, 9), (319, 17), (320, 60), (321, 77), (322, 8), (323, 65), (324, 41), (325, 55), (326, 27), (327, 81), (328, 24), (329, 23), 
(330, 6), (331, 2), (332, 35), (333, 51), (334, 36), (335, 73), (336, 23), (337, 30), (338, 3), (339, 1), (340, 60), (341, 17), (342, 66), (343, 
41), (344, 1), (345, 61), (346, 74), (347, 70), (348, 11), (349, 7), (350, 81), (351, 9), (352, 24), (353, 27), (354, 24), (355, 13), (356, 12), 
(357, 53), (358, 31), (359, 40), (360, 52), (361, 54), (362, 52), (363, 12), (364, 8), (365, 57), (366, 32), (367, 4), (368, 57), (369, 16), (370, 76), (371, 26), (372, 65), (373, 56), (374, 54), (375, 21), (376, 18), (377, 54), (378, 19), (379, 79), (380, 65), (381, 41), (382, 64), (383, 
61), (384, 64), (385, 62), (386, 25), (387, 76), (388, 1), (389, 4), (390, 1), (391, 67), (392, 56), (393, 62), (394, 7), (395, 69), (396, 75), (397, 33), (398, 3), (399, 49), (400, 35), (401, 2), (402, 24), (403, 23), (404, 12), (405, 48), (406, 36), (407, 25), (408, 33), (409, 26), (410, 32), (411, 11), (412, 36), (413, 81), (414, 12), (415, 14), (416, 3), (417, 53), (418, 55), (419, 37), (420, 44), (421, 29), (422, 67), (423, 33), (424, 68), (425, 31), (426, 42), (427, 5), (428, 79), (429, 38), (430, 34), (431, 54), (432, 43), (433, 70), (434, 71), (435, 17), (436, 63), 
(437, 56), (438, 19), (439, 13), (440, 53), (441, 70), (442, 59), (443, 48), (444, 53), (445, 48), (446, 52), (447, 25), (448, 10), (449, 44), (450, 63), (451, 68), (452, 49), (453, 71), (454, 72), (455, 21), (456, 39), (457, 59), (458, 34), (459, 74), (460, 40), (461, 10), (462, 40), (463, 71), (464, 73), (465, 57), (466, 27), (467, 74), (468, 18), (469, 17), (470, 1), (471, 60), (472, 38), (473, 60), (474, 26), (475, 72), (476, 3), (477, 47), (478, 58), (479, 66), (480, 16), (481, 38), (482, 59), (483, 58), (484, 77), (485, 20), (486, 37), (487, 38), (488, 23), (489, 29), (490, 12), (491, 44), (492, 42), (493, 75), (494, 51), (495, 21), (496, 35), (497, 25), (498, 14), (499, 40), (500, 39)]

Colors: 82
Permutation: [293, 19, 182, 471, 57, 442, 20, 220, 133, 302, 449, 158, 288, 390, 232, 375, 13, 28, 53, 129, 246, 115, 468, 173, 298, 113, 27, 12, 201, 138, 149, 400, 147, 268, 117, 114, 137, 338, 300, 398, 272, 388, 335, 403, 22, 146, 207, 334, 374, 406, 167, 200, 219, 150, 70, 437, 479, 61, 72, 74, 78, 126, 198, 269, 318, 340, 387, 389, 265, 228, 26, 34, 62, 85, 108, 141, 373, 183, 249, 410, 69, 352, 245, 444, 393, 426, 466, 15, 76, 46, 312, 156, 186, 204, 285, 451, 317, 321, 329, 354, 100, 413, 460, 498, 489, 4, 377, 490, 63, 151, 216, 54, 256, 111, 253, 330, 32, 420, 145, 438, 473, 476, 8, 465, 261, 297, 99, 48, 116, 124, 127, 134, 230, 176, 283, 337, 396, 399, 405, 418, 341, 477, 5, 52, 77, 38, 277, 217, 247, 295, 429, 224, 289, 474, 110, 380, 233, 40, 470, 241, 342, 93, 164, 120, 351, 222, 131, 29, 188, 286, 464, 79, 311, 353, 290, 483, 242, 177, 379, 205, 95, 190, 348, 371, 215, 157, 313, 339, 292, 65, 349, 333, 226, 105, 180, 178, 202, 370, 378, 480, 163, 250, 494, 262, 263, 434, 3, 322, 407, 
320, 33, 431, 280, 448, 323, 365, 47, 86, 119, 75, 68, 435, 89, 55, 16, 422, 395, 309, 457, 152, 168, 184, 475, 392, 391, 51, 97, 402, 240, 397, 
144, 485, 50, 208, 35, 161, 409, 109, 271, 417, 414, 401, 248, 484, 452, 331, 487, 43, 291, 210, 121, 106, 430, 159, 229, 463, 472, 336, 366, 212, 496, 130, 270, 327, 187, 23, 227, 135, 91, 424, 64, 252, 358, 18, 243, 359, 304, 42, 39, 251, 404, 94, 328, 214, 382, 355, 307, 481, 495, 209, 
44, 234, 492, 303, 123, 88, 447, 193, 364, 432, 453, 17, 92, 83, 191, 96, 275, 49, 60, 87, 171, 143, 343, 160, 369, 306, 7, 362, 345, 81, 425, 90, 394, 287, 305, 0, 45, 458, 56, 301, 376, 73, 412, 66, 238, 14, 415, 440, 192, 491, 441, 294, 411, 367, 478, 128, 84, 383, 98, 80, 279, 225, 416, 71, 132, 384, 2, 316, 30, 381, 408, 101, 237, 211, 154, 469, 155, 67, 326, 423, 467, 181, 344, 174, 314, 347, 244, 372, 456, 421, 454, 319, 194, 488, 10, 179, 486, 148, 239, 21, 445, 6, 360, 223, 203, 274, 24, 281, 139, 296, 25, 439, 31, 493, 142, 450, 266, 221, 443, 196, 170, 195, 165, 
310, 199, 136, 185, 356, 308, 162, 324, 206, 104, 497, 1, 461, 482, 82, 11, 166, 218, 175, 332, 427, 103, 41, 278, 368, 260, 254, 385, 235, 350, 
258, 259, 299, 189, 122, 459, 361, 140, 153, 107, 231, 267, 257, 462, 419, 325, 213, 255, 276, 9, 433, 197, 363, 499, 284, 169, 357, 428, 172, 59, 36, 118, 58, 386, 455, 436, 315, 282, 112, 102, 346, 273, 446, 125, 264, 236, 37]
Coloring: [(1, 41), (2, 48), (3, 3), (4, 19), (5, 29), (6, 34), (7, 63), (8, 42), (9, 25), (10, 80), (11, 1), (12, 13), (13, 12), (14, 3), (15, 38), (16, 9), (17, 29), (18, 56), (19, 57), (20, 1), (21, 4), (22, 30), (23, 12), (24, 33), (25, 72), (26, 52), (27, 16), (28, 11), (29, 4), (30, 
37), (31, 68), (32, 51), (33, 31), (34, 41), (35, 21), (36, 53), (37, 78), (38, 61), (39, 30), (40, 41), (41, 34), (42, 63), (43, 39), (44, 33), 
(45, 43), (46, 63), (47, 24), (48, 14), (49, 32), (50, 58), (51, 22), (52, 49), (53, 31), (54, 8), (55, 28), (56, 27), (57, 64), (58, 3), (59, 57), (60, 51), (61, 48), (62, 11), (63, 10), (64, 24), (65, 57), (66, 5), (67, 25), (68, 63), (69, 45), (70, 10), (71, 13), (72, 1), (73, 17), (74, 65), (75, 13), (76, 36), (77, 26), (78, 12), (79, 20), (80, 2), (81, 20), (82, 55), (83, 72), (84, 9), (85, 65), (86, 5), (87, 45), (88, 17), (89, 59), (90, 47), (91, 62), (92, 55), (93, 56), (94, 33), (95, 48), (96, 40), (97, 35), (98, 50), (99, 67), (100, 6), (101, 25), (102, 60), (103, 61), (104, 52), (105, 75), (106, 15), (107, 47), (108, 56), (109, 12), (110, 44), (111, 3), (112, 27), (113, 42), (114, 7), (115, 10), (116, 3), (117, 30), (118, 7), (119, 81), (120, 46), (121, 38), (122, 48), (123, 44), (124, 50), (125, 24), (126, 81), (127, 18), (128, 33), (129, 54), (130, 7), (131, 46), (132, 29), (133, 68), (134, 5), (135, 28), (136, 52), (137, 69), (138, 13), (139, 11), (140, 60), (141, 79), (142, 16), (143, 
71), (144, 52), (145, 51), (146, 8), (147, 10), (148, 12), (149, 70), (150, 9), (151, 18), (152, 4), (153, 40), (154, 50), (155, 67), (156, 24), 
(157, 27), (158, 33), (159, 4), (160, 50), (161, 30), (162, 45), (163, 40), (164, 39), (165, 37), (166, 73), (167, 76), (168, 11), (169, 42), (170, 69), (171, 59), (172, 61), (173, 56), (174, 9), (175, 67), (176, 79), (177, 29), (178, 26), (179, 40), (180, 69), (181, 42), (182, 12), (183, 
2), (184, 20), (185, 44), (186, 36), (187, 12), (188, 51), (189, 39), (190, 78), (191, 18), (192, 37), (193, 18), (194, 60), (195, 69), (196, 65), (197, 71), (198, 80), (199, 21), (200, 76), (201, 14), (202, 3), (203, 17), (204, 71), (205, 17), (206, 19), (207, 56), (208, 8), (209, 52), (210, 59), (211, 44), (212, 13), (213, 55), (214, 70), (215, 13), (216, 28), (217, 22), (218, 35), (219, 78), (220, 15), (221, 2), (222, 75), (223, 38), (224, 45), (225, 32), (226, 58), (227, 40), (228, 56), (229, 21), (230, 52), (231, 31), (232, 66), (233, 6), (234, 23), (235, 5), (236, 72), (237, 71), (238, 41), (239, 62), (240, 7), (241, 46), (242, 33), (243, 36), (244, 56), (245, 67), (246, 23), (247, 6), (248, 28), (249, 1), (250, 20), (251, 37), (252, 16), (253, 50), (254, 8), (255, 5), (256, 70), (257, 30), (258, 81), (259, 1), (260, 77), (261, 46), (262, 26), (263, 25), (264, 35), (265, 82), (266, 21), (267, 74), (268, 48), (269, 5), (270, 14), (271, 53), (272, 42), (273, 2), (274, 51), (275, 72), (276, 59), (277, 36), (278, 23), (279, 17), (280, 66), (281, 29), (282, 62), (283, 64), (284, 32), (285, 82), (286, 24), (287, 39), (288, 61), (289, 5), (290, 30), (291, 11), (292, 36), (293, 31), (294, 1), (295, 4), (296, 36), (297, 64), (298, 27), (299, 10), (300, 47), (301, 14), (302, 21), (303, 2), (304, 59), (305, 8), (306, 44), (307, 58), (308, 20), (309, 46), (310, 43), (311, 74), (312, 7), (313, 26), (314, 41), (315, 66), (316, 40), (317, 49), (318, 28), (319, 6), (320, 58), (321, 43), (322, 15), (323, 31), (324, 42), (325, 9), (326, 76), (327, 38), (328, 53), (329, 54), (330, 
21), (331, 9), (332, 53), (333, 77), (334, 37), (335, 14), (336, 11), (337, 54), (338, 14), (339, 9), (340, 18), (341, 3), (342, 34), (343, 36), 
(344, 22), (345, 39), (346, 55), (347, 74), (348, 31), (349, 24), (350, 38), (351, 74), (352, 27), (353, 23), (354, 35), (355, 26), (356, 51), (357, 73), (358, 15), (359, 34), (360, 53), (361, 65), (362, 79), (363, 62), (364, 58), (365, 57), (366, 45), (367, 47), (368, 53), (369, 77), (370, 60), (371, 43), (372, 34), (373, 69), (374, 22), (375, 15), (376, 7), (377, 64), (378, 7), (379, 42), (380, 35), (381, 34), (382, 66), (383, 58), (384, 45), (385, 29), (386, 80), (387, 69), (388, 22), (389, 16), (390, 19), (391, 6), (392, 33), (393, 41), (394, 25), (395, 54), (396, 26), 
(397, 25), (398, 45), (399, 15), (400, 32), (401, 8), (402, 35), (403, 49), (404, 13), (405, 24), (406, 34), (407, 17), (408, 44), (409, 49), (410, 46), (411, 18), (412, 64), (413, 63), (414, 19), (415, 12), (416, 63), (417, 67), (418, 50), (419, 35), (420, 71), (421, 19), (422, 70), (423, 37), (424, 57), (425, 16), (426, 44), (427, 23), (428, 70), (429, 78), (430, 22), (431, 32), (432, 9), (433, 55), (434, 82), (435, 41), (436, 47), (437, 62), (438, 19), (439, 31), (440, 73), (441, 1), (442, 61), (443, 2), (444, 49), (445, 24), (446, 27), (447, 2), (448, 43), (449, 37), (450, 1), (451, 72), (452, 16), (453, 50), (454, 15), (455, 71), (456, 79), (457, 47), (458, 48), (459, 46), (460, 76), (461, 26), (462, 62), (463, 75), (464, 49), (465, 22), (466, 25), (467, 23), (468, 28), (469, 6), (470, 68), (471, 10), (472, 1), (473, 54), (474, 27), (475, 23), (476, 20), (477, 18), (478, 4), (479, 38), (480, 16), (481, 38), (482, 25), (483, 77), (484, 7), (485, 51), (486, 48), (487, 70), (488, 54), (489, 68), (490, 2), (491, 20), (492, 66), (493, 55), (494, 74), (495, 28), (496, 32), (497, 39), (498, 76), (499, 29), (500, 21)]

GC1000
Colors: 151
Permutation: [670, 266, 248, 522, 296, 851, 408, 922, 112, 127, 579, 605, 686, 438, 88, 688, 173, 310, 723, 736, 125, 280, 974, 369, 376, 451, 598, 480, 849, 925, 39, 385, 623, 858, 323, 433, 445, 815, 955, 202, 584, 668, 802, 85, 145, 259, 309, 581, 691, 797, 985, 55, 244, 252, 535, 674, 
709, 824, 856, 886, 889, 118, 262, 519, 524, 662, 722, 920, 4, 150, 224, 277, 285, 367, 499, 734, 748, 76, 164, 198, 204, 208, 348, 520, 553, 699, 759, 954, 3, 10, 29, 120, 184, 268, 321, 361, 399, 770, 495, 511, 515, 609, 805, 829, 853, 30, 34, 203, 548, 590, 630, 762, 766, 891, 989, 9, 96, 152, 217, 232, 249, 634, 690, 714, 880, 26, 27, 105, 155, 194, 205, 227, 534, 696, 716, 855, 914, 916, 948, 2, 113, 407, 441, 675, 725, 809, 822, 881, 961, 995, 22, 97, 132, 171, 211, 289, 319, 347, 444, 450, 492, 514, 527, 532, 576, 625, 652, 657, 813, 846, 928, 979, 997, 83, 87, 186, 
225, 237, 311, 571, 618, 707, 763, 894, 912, 971, 40, 65, 69, 178, 243, 273, 327, 332, 345, 360, 388, 406, 442, 557, 591, 608, 633, 715, 737, 742, 751, 778, 869, 917, 12, 71, 81, 148, 253, 357, 387, 413, 435, 472, 551, 647, 708, 828, 862, 6, 16, 53, 75, 137, 320, 328, 329, 355, 414, 501, 510, 513, 635, 729, 785, 807, 811, 817, 830, 883, 936, 28, 104, 128, 212, 392, 403, 416, 471, 484, 508, 540, 639, 693, 712, 746, 780, 789, 801, 949, 993, 44, 123, 144, 163, 245, 298, 302, 314, 346, 448, 489, 509, 587, 592, 599, 649, 697, 700, 718, 731, 850, 871, 911, 986, 14, 43, 62, 98, 158, 218, 290, 303, 336, 353, 374, 469, 585, 617, 753, 784, 790, 947, 973, 998, 106, 121, 166, 175, 199, 215, 325, 354, 372, 421, 449, 646, 648, 655, 692, 732, 758, 432, 773, 793, 837, 870, 902, 919, 941, 60, 115, 135, 146, 230, 276, 443, 457, 488, 506, 555, 612, 654, 672, 717, 757, 799, 866, 876, 893, 905, 906, 934, 942, 952, 764, 24, 70, 201, 206, 247, 295, 306, 446, 447, 467, 528, 539, 550, 560, 594, 641, 665, 704, 735, 740, 810, 
833, 840, 872, 996, 23, 25, 119, 168, 182, 297, 308, 409, 512, 589, 611, 640, 660, 671, 683, 685, 720, 721, 739, 761, 794, 827, 857, 895, 927, 931, 38, 91, 134, 139, 196, 219, 226, 251, 254, 264, 318, 337, 352, 370, 382, 391, 428, 454, 455, 462, 490, 537, 544, 650, 743, 788, 854, 900, 915, 980, 5, 7, 33, 72, 77, 272, 326, 335, 453, 456, 461, 464, 521, 536, 542, 559, 563, 681, 730, 885, 958, 977, 68, 86, 165, 181, 183, 213, 270, 334, 363, 365, 430, 568, 603, 644, 698, 755, 803, 818, 888, 898, 913, 47, 80, 267, 275, 312, 378, 458, 468, 573, 578, 600, 638, 972, 792, 852, 878, 
882, 896, 897, 937, 940, 950, 960, 37, 90, 131, 228, 235, 265, 330, 340, 341, 419, 481, 545, 562, 595, 781, 820, 823, 877, 890, 926, 32, 46, 54, 
61, 147, 149, 191, 197, 240, 67, 258, 299, 322, 342, 364, 422, 429, 494, 498, 538, 588, 601, 613, 627, 636, 694, 752, 796, 844, 859, 966, 987, 15, 21, 31, 58, 82, 138, 569, 193, 200, 207, 356, 397, 415, 500, 552, 596, 798, 826, 836, 875, 938, 944, 57, 78, 92, 109, 161, 162, 172, 229, 236, 
239, 241, 242, 271, 300, 324, 381, 396, 412, 452, 463, 470, 478, 485, 529, 580, 637, 643, 777, 795, 808, 860, 864, 924, 932, 63, 66, 107, 153, 177, 190, 222, 359, 482, 179, 656, 701, 741, 750, 776, 786, 994, 999, 99, 151, 188, 284, 368, 379, 386, 398, 425, 437, 504, 629, 661, 744, 760, 814, 831, 910, 976, 982, 17, 18, 56, 117, 133, 156, 176, 209, 233, 238, 281, 304, 333, 371, 393, 423, 518, 541, 549, 604, 632, 653, 705, 747, 783, 804, 946, 964, 967, 968, 1, 13, 42, 140, 159, 170, 189, 195, 261, 315, 373, 400, 402, 411, 466, 497, 516, 658, 680, 695, 768, 791, 825, 861, 923, 
965, 984, 116, 210, 256, 283, 292, 313, 344, 350, 477, 507, 558, 561, 564, 664, 703, 727, 767, 842, 845, 867, 879, 892, 903, 945, 36, 64, 94, 136, 185, 187, 192, 260, 418, 543, 547, 566, 645, 754, 838, 909, 929, 930, 956, 983, 990, 51, 250, 221, 291, 301, 401, 572, 606, 624, 724, 728, 787, 800, 901, 933, 0, 35, 108, 216, 263, 307, 338, 459, 483, 554, 621, 631, 684, 765, 957, 959, 975, 992, 100, 154, 180, 282, 366, 377, 593, 774, 865, 918, 988, 20, 49, 95, 141, 167, 257, 293, 331, 339, 439, 502, 526, 546, 583, 619, 745, 816, 11, 48, 142, 169, 255, 380, 395, 417, 427, 474, 487, 556, 574, 628, 663, 702, 733, 738, 978, 73, 126, 286, 305, 349, 384, 431, 434, 460, 486, 525, 602, 607, 711, 806, 834, 839, 904, 59, 114, 130, 358, 577, 841, 951, 8, 124, 143, 246, 343, 383, 420, 597, 642, 659, 678, 689, 963, 122, 269, 287, 389, 496, 503, 533, 565, 575, 771, 772, 812, 835, 873, 899, 45, 93, 111, 234, 316, 317, 473, 517, 530, 570, 582, 726, 821, 847, 887, 921, 110, 214, 410, 475, 479, 491, 616, 756, 884, 908, 939, 962, 991, 50, 79, 84, 89, 103, 223, 231, 375, 426, 476, 622, 626, 669, 676, 713, 907, 52, 174, 288, 390, 440, 465, 710, 775, 832, 19, 41, 129, 
424, 667, 677, 679, 682, 935, 953, 969, 102, 531, 843, 848, 868, 157, 294, 586, 651, 493, 505, 614, 782, 74, 220, 279, 769, 943, 160, 278, 436, 706, 719, 610, 749, 819, 970, 101, 274, 615, 620, 666, 874, 779, 523, 687, 863, 981, 394, 673, 404, 567, 351, 405, 362]
Coloring: [(1, 96), (2, 104), (3, 30), (4, 19), (5, 16), (6, 79), (7, 51), (8, 85), (9, 138), (10, 14), (11, 23), (12, 4), (13, 47), (14, 112), (15, 53), (16, 101), (17, 15), (18, 62), (19, 106), (20, 122), (21, 132), (22, 85), (23, 34), (24, 71), (25, 45), (26, 63), (27, 26), (28, 12), (29, 54), (30, 25), (31, 27), (32, 43), (33, 14), (34, 67), (35, 23), (36, 86), (37, 1), (38, 78), (39, 80), (40, 4), (41, 42), (42, 130), (43, 115), (44, 45), (45, 52), (46, 136), (47, 98), (48, 89), (49, 12), (50, 100), (51, 129), (52, 103), (53, 121), (54, 47), (55, 3), (56, 5), (57, 114), (58, 102), (59, 98), (60, 39), (61, 13), (62, 67), (63, 60), (64, 105), (65, 116), (66, 39), (67, 108), (68, 36), (69, 89), (70, 42), (71, 72), (72, 44), (73, 83), (74, 135), (75, 97), (76, 49), (77, 18), (78, 85), (79, 38), (80, 119), (81, 75), (82, 48), (83, 79), (84, 29), (85, 119), (86, 10), (87, 65), (88, 40), (89, 3), (90, 144), (91, 78), (92, 13), (93, 103), (94, 128), (95, 124), (96, 73), (97, 29), (98, 33), (99, 50), (100, 109), (101, 121), (102, 149), (103, 51), (104, 143), (105, 32), (106, 22), (107, 54), (108, 94), (109, 111), (110, 103), (111, 135), (112, 136), (113, 4), (114, 9), (115, 76), (116, 44), (117, 51), (118, 68), (119, 1), (120, 73), (121, 26), (122, 41), (123, 1), (124, 43), (125, 138), (126, 7), (127, 94), (128, 5), (129, 51), (130, 16), (131, 69), (132, 92), (133, 18), (134, 27), (135, 77), (136, 34), (137, 123), (138, 51), (139, 42), (140, 81), (141, 98), (142, 119), (143, 2), (144, 130), (145, 57), (146, 9), (147, 69), (148, 93), (149, 43), (150, 67), (151, 20), (152, 100), (153, 31), (154, 107), (155, 104), (156, 21), (157, 115), (158, 144), (159, 62), (160, 110), (161, 126), (162, 102), (163, 101), (164, 19), 
(165, 15), (166, 85), (167, 65), (168, 123), (169, 75), (170, 124), (171, 106), (172, 28), (173, 104), (174, 5), (175, 129), (176, 50), (177, 116), (178, 109), (179, 38), (180, 57), (181, 108), (182, 61), (183, 75), (184, 86), (185, 10), (186, 125), (187, 35), (188, 90), (189, 102), (190, 
97), (191, 94), (192, 66), (193, 107), (194, 62), (195, 32), (196, 118), (197, 69), (198, 87), (199, 17), (200, 41), (201, 53), (202, 73), (203, 
13), (204, 25), (205, 22), (206, 15), (207, 74), (208, 101), (209, 23), (210, 113), (211, 122), (212, 37), (213, 36), (214, 51), (215, 136), (216, 65), (217, 65), (218, 23), (219, 38), (220, 73), (221, 147), (222, 127), (223, 107), (224, 60), (225, 19), (226, 38), (227, 80), (228, 18), (229, 95), (230, 101), (231, 64), (232, 143), (233, 3), (234, 115), (235, 134), (236, 88), (237, 71), (238, 31), (239, 110), (240, 56), (241, 76), (242, 35), (243, 104), (244, 43), (245, 14), (246, 55), (247, 139), (248, 75), (249, 1), (250, 5), (251, 126), (252, 82), (253, 6), (254, 34), (255, 78), (256, 72), (257, 25), (258, 129), (259, 95), (260, 1), (261, 114), (262, 50), (263, 18), (264, 118), (265, 83), (266, 94), (267, 2), (268, 92), (269, 11), (270, 128), (271, 76), (272, 104), (273, 86), (274, 44), (275, 138), (276, 81), (277, 69), (278, 5), (279, 108), (280, 114), (281, 10), (282, 59), (283, 124), (284, 84), (285, 41), (286, 20), (287, 136), (288, 82), (289, 133), (290, 32), (291, 56), (292, 83), (293, 114), 
(294, 121), (295, 139), (296, 68), (297, 1), (298, 51), (299, 60), (300, 96), (301, 105), (302, 124), (303, 58), (304, 19), (305, 104), (306, 99), (307, 74), (308, 18), (309, 65), (310, 3), (311, 8), (312, 10), (313, 39), (314, 121), (315, 39), (316, 114), (317, 139), (318, 139), (319, 77), (320, 25), (321, 36), (322, 20), (323, 95), (324, 9), (325, 82), (326, 47), (327, 84), (328, 33), (329, 48), (330, 49), (331, 57), (332, 131), 
(333, 40), (334, 114), (335, 83), (336, 86), (337, 48), (338, 72), (339, 78), (340, 128), (341, 95), (342, 93), (343, 27), (344, 137), (345, 85), (346, 42), (347, 50), (348, 38), (349, 23), (350, 136), (351, 106), (352, 7), (353, 37), (354, 63), (355, 60), (356, 30), (357, 102), (358, 46), (359, 132), (360, 110), (361, 44), (362, 22), (363, 151), (364, 90), (365, 81), (366, 88), (367, 130), (368, 21), (369, 110), (370, 3), (371, 83), (372, 113), (373, 62), (374, 108), (375, 63), (376, 19), (377, 4), (378, 81), (379, 82), (380, 91), (381, 127), (382, 68), (383, 75), (384, 61), (385, 129), (386, 12), (387, 112), (388, 7), (389, 45), (390, 53), (391, 107), (392, 82), (393, 49), (394, 99), (395, 145), (396, 126), (397, 
90), (398, 103), (399, 81), (400, 17), (401, 116), (402, 101), (403, 115), (404, 52), (405, 39), (406, 88), (407, 22), (408, 35), (409, 3), (410, 62), (411, 119), (412, 117), (413, 100), (414, 47), (415, 43), (416, 9), (417, 55), (418, 131), (419, 89), (420, 48), (421, 83), (422, 35), (423, 94), (424, 109), (425, 143), (426, 30), (427, 137), (428, 134), (429, 75), (430, 83), (431, 88), (432, 114), (433, 64), (434, 13), (435, 113), 
(436, 42), (437, 148), (438, 110), (439, 6), (440, 100), (441, 17), (442, 2), (443, 45), (444, 9), (445, 21), (446, 13), (447, 71), (448, 60), (449, 52), (450, 55), (451, 17), (452, 12), (453, 73), (454, 87), (455, 26), (456, 51), (457, 87), (458, 67), (459, 90), (460, 126), (461, 134), (462, 33), (463, 81), (464, 96), (465, 86), (466, 146), (467, 116), (468, 74), (469, 84), (470, 58), (471, 106), (472, 55), (473, 49), (474, 141), 
(475, 105), (476, 143), (477, 92), (478, 123), (479, 99), (480, 105), (481, 5), (482, 96), (483, 97), (484, 122), (485, 54), (486, 102), (487, 122), (488, 126), (489, 61), (490, 61), (491, 84), (492, 86), (493, 37), (494, 102), (495, 65), (496, 26), (497, 38), (498, 23), (499, 87), (500, 21), (501, 67), (502, 45), (503, 131), (504, 119), (505, 1), (506, 71), (507, 59), (508, 108), (509, 54), (510, 57), (511, 31), (512, 21), (513, 27), (514, 52), (515, 33), (516, 20), (517, 119), (518, 127), (519, 95), (520, 18), (521, 24), (522, 88), (523, 3), (524, 149), (525, 14), (526, 132), (527, 95), (528, 14), (529, 70), (530, 102), (531, 142), (532, 145), (533, 30), (534, 109), (535, 10), (536, 16), (537, 56), (538, 70), (539, 88), (540, 74), (541, 48), (542, 88), (543, 52), (544, 112), (545, 77), (546, 92), (547, 72), (548, 9), (549, 28), (550, 16), (551, 76), (552, 
50), (553, 98), (554, 25), (555, 9), (556, 69), (557, 133), (558, 5), (559, 37), (560, 80), (561, 68), (562, 93), (563, 66), (564, 80), (565, 118), (566, 137), (567, 126), (568, 13), (569, 85), (570, 96), (571, 63), (572, 38), (573, 128), (574, 90), (575, 53), (576, 137), (577, 29), (578, 
122), (579, 46), (580, 2), (581, 106), (582, 9), (583, 111), (584, 113), (585, 11), (586, 30), (587, 132), (588, 6), (589, 55), (590, 77), (591, 
6), (592, 37), (593, 57), (594, 130), (595, 45), (596, 96), (597, 91), (598, 132), (599, 11), (600, 59), (601, 11), (602, 64), (603, 95), (604, 24), (605, 106), (606, 6), (607, 117), (608, 86), (609, 41), (610, 23), (611, 150), (612, 76), (613, 70), (614, 92), (615, 147), (616, 142), (617, 92), (618, 64), (619, 17), (620, 125), (621, 148), (622, 129), (623, 144), (624, 7), (625, 120), (626, 36), (627, 132), (628, 99), (629, 130), (630, 42), (631, 26), (632, 7), (633, 117), (634, 19), (635, 24), (636, 53), (637, 99), (638, 106), (639, 93), (640, 56), (641, 18), (642, 72), (643, 9), (644, 107), (645, 87), (646, 41), (647, 66), (648, 12), (649, 61), (650, 46), (651, 53), (652, 141), (653, 37), (654, 117), (655, 47), (656, 27), (657, 103), (658, 24), (659, 89), (660, 135), (661, 72), (662, 98), (663, 11), (664, 132), (665, 46), (666, 69), (667, 149), (668, 20), 
(669, 15), (670, 139), (671, 1), (672, 76), (673, 32), (674, 39), (675, 8), (676, 12), (677, 127), (678, 127), (679, 136), (680, 142), (681, 109), (682, 80), (683, 134), (684, 46), (685, 128), (686, 68), (687, 7), (688, 50), (689, 8), (690, 140), (691, 32), (692, 7), (693, 67), (694, 47), 
(695, 79), (696, 120), (697, 13), (698, 44), (699, 67), (700, 15), (701, 51), (702, 109), (703, 131), (704, 124), (705, 70), (706, 96), (707, 148), (708, 39), (709, 40), (710, 12), (711, 141), (712, 133), (713, 57), (714, 115), (715, 33), (716, 44), (717, 34), (718, 68), (719, 8), (720, 149), (721, 35), (722, 78), (723, 17), (724, 9), (725, 117), (726, 16), (727, 22), (728, 123), (729, 127), (730, 40), (731, 54), (732, 34), (733, 42), (734, 45), (735, 8), (736, 58), (737, 6), (738, 46), (739, 118), (740, 79), (741, 77), (742, 108), (743, 43), (744, 82), (745, 11), (746, 93), (747, 40), (748, 82), (749, 22), (750, 146), (751, 80), (752, 37), (753, 99), (754, 54), (755, 116), (756, 91), (757, 134), (758, 71), (759, 66), (760, 24), (761, 105), (762, 47), (763, 24), (764, 34), (765, 56), (766, 129), (767, 29), (768, 83), (769, 118), (770, 145), (771, 27), (772, 
124), (773, 79), (774, 62), (775, 115), (776, 123), (777, 111), (778, 105), (779, 31), (780, 140), (781, 58), (782, 91), (783, 130), (784, 91), (785, 31), (786, 6), (787, 111), (788, 103), (789, 4), (790, 57), (791, 63), (792, 121), (793, 92), (794, 66), (795, 78), (796, 108), (797, 100), 
(798, 14), (799, 52), (800, 29), (801, 125), (802, 56), (803, 2), (804, 91), (805, 116), (806, 28), (807, 43), (808, 53), (809, 105), (810, 25), 
(811, 76), (812, 45), (813, 71), (814, 39), (815, 113), (816, 13), (817, 133), (818, 50), (819, 55), (820, 138), (821, 97), (822, 134), (823, 32), (824, 97), (825, 8), (826, 120), (827, 100), (828, 62), (829, 48), (830, 14), (831, 22), (832, 70), (833, 146), (834, 60), (835, 137), (836, 140), (837, 98), (838, 50), (839, 122), (840, 135), (841, 62), (842, 138), (843, 49), (844, 141), (845, 98), (846, 101), (847, 40), (848, 142), (849, 111), (850, 4), (851, 59), (852, 2), (853, 85), (854, 27), (855, 84), (856, 35), (857, 15), (858, 21), (859, 12), (860, 84), (861, 49), (862, 
65), (863, 41), (864, 53), (865, 99), (866, 101), (867, 20), (868, 20), (869, 135), (870, 20), (871, 67), (872, 61), (873, 49), (874, 24), (875, 
148), (876, 74), (877, 70), (878, 72), (879, 81), (880, 111), (881, 33), (882, 35), (883, 94), (884, 53), (885, 122), (886, 89), (887, 16), (888, 120), (889, 18), (890, 17), (891, 97), (892, 30), (893, 113), (894, 72), (895, 41), (896, 55), (897, 28), (898, 58), (899, 34), (900, 138), (901, 73), (902, 57), (903, 66), (904, 122), (905, 32), (906, 71), (907, 61), (908, 145), (909, 93), (910, 119), (911, 112), (912, 58), (913, 41), (914, 89), (915, 29), (916, 74), (917, 28), (918, 46), (919, 122), (920, 68), (921, 19), (922, 117), (923, 4), (924, 119), (925, 64), (926, 10), (927, 93), (928, 78), (929, 7), (930, 63), (931, 120), (932, 79), (933, 84), (934, 89), (935, 73), (936, 126), (937, 27), (938, 36), (939, 59), (940, 143), (941, 81), (942, 38), (943, 29), (944, 130), (945, 2), (946, 68), (947, 111), (948, 64), (949, 36), (950, 59), (951, 63), (952, 112), (953, 35), (954, 144), (955, 19), (956, 14), (957, 125), (958, 69), (959, 26), (960, 56), (961, 30), (962, 28), (963, 140), (964, 141), (965, 100), (966, 120), (967, 60), (968, 103), (969, 112), (970, 145), (971, 124), (972, 26), (973, 91), (974, 52), (975, 11), (976, 75), (977, 97), (978, 90), (979, 133), (980, 39), (981, 71), (982, 78), (983, 86), (984, 120), (985, 121), (986, 16), (987, 32), (988, 64), (989, 131), (990, 30), (991, 125), (992, 70), (993, 49), (994, 48), (995, 107), (996, 31), (997, 31), (998, 36), (999, 65), (1000, 112)]

LE450
Colors: 11
Permutation: [338, 324, 209, 25, 63, 165, 369, 189, 270, 362, 80, 215, 250, 285, 390, 392, 31, 187, 199, 222, 337, 32, 39, 159, 211, 59, 89, 140, 155, 182, 239, 412, 11, 35, 84, 105, 109, 156, 205, 210, 245, 411, 429, 36, 38, 102, 183, 190, 197, 213, 220, 279, 263, 269, 359, 423, 439, 445, 72, 85, 110, 112, 139, 141, 161, 261, 272, 282, 356, 364, 383, 401, 413, 14, 54, 114, 121, 124, 125, 171, 191, 253, 262, 291, 350, 365, 379, 409, 417, 449, 2, 3, 4, 5, 60, 65, 104, 113, 119, 143, 186, 194, 218, 225, 226, 240, 244, 267, 273, 287, 299, 331, 332, 334, 354, 387, 391, 407, 410, 421, 433, 440, 40, 41, 46, 57, 58, 62, 70, 81, 88, 95, 158, 163, 173, 174, 196, 235, 242, 255, 257, 278, 293, 300, 313, 314, 323, 342, 345, 357, 361, 371, 64, 71, 129, 134, 179, 234, 265, 266, 290, 294, 302, 307, 309, 335, 341, 360, 403, 406, 437, 446, 7, 15, 18, 33, 48, 52, 447, 91, 94, 101, 127, 135, 145, 146, 157, 203, 206, 208, 214, 230, 232, 248, 256, 258, 284, 295, 320, 330, 366, 376, 393, 415, 418, 420, 428, 9, 13, 21, 28, 34, 43, 50, 93, 103, 117, 132, 136, 144, 147, 150, 166, 169, 172, 176, 201, 216, 236, 251, 264, 274, 283, 288, 289, 304, 318, 325, 333, 346, 349, 353, 355, 368, 372, 388, 389, 402, 404, 111, 425, 431, 436, 441, 0, 12, 45, 66, 68, 90, 416, 122, 149, 170, 184, 198, 200, 202, 219, 224, 227, 
228, 241, 243, 254, 259, 296, 298, 310, 311, 312, 315, 316, 317, 326, 370, 374, 438, 444, 19, 23, 47, 61, 67, 76, 99, 116, 118, 123, 131, 133, 152, 160, 181, 185, 280, 286, 301, 303, 322, 351, 363, 384, 424, 86, 42, 51, 74, 97, 100, 106, 120, 130, 138, 148, 153, 154, 188, 221, 252, 268, 292, 297, 305, 339, 347, 358, 367, 373, 375, 408, 422, 435, 6, 20, 24, 26, 69, 73, 92, 108, 162, 195, 212, 217, 229, 237, 348, 381, 385, 399, 414, 
434, 442, 1, 10, 44, 83, 151, 164, 177, 247, 271, 277, 327, 340, 343, 386, 394, 396, 405, 426, 427, 443, 8, 16, 22, 75, 78, 79, 98, 107, 142, 167, 175, 178, 180, 193, 231, 246, 275, 306, 308, 336, 382, 395, 400, 430, 17, 49, 56, 87, 115, 128, 137, 238, 249, 276, 260, 352, 377, 398, 29, 53, 204, 207, 329, 378, 380, 432, 448, 30, 37, 55, 77, 96, 168, 281, 319, 328, 419, 126, 192, 223, 233, 82, 321, 397, 27, 344]
Coloring: [(1, 6), (2, 8), (3, 3), (4, 6), (5, 5), (6, 1), (7, 9), (8, 7), (9, 3), (10, 7), (11, 1), (12, 3), (13, 5), (14, 2), (15, 6), (16, 1), (17, 8), (18, 9), (19, 3), (20, 2), (21, 2), (22, 5), (23, 3), (24, 10), (25, 2), (26, 2), (27, 6), (28, 2), (29, 7), (30, 6), (31, 4), (32, 2), (33, 3), (34, 7), (35, 2), (36, 3), (37, 2), (38, 6), (39, 4), (40, 2), (41, 6), (42, 4), (43, 6), (44, 11), (45, 2), (46, 1), (47, 8), (48, 8), (49, 3), (50, 9), (51, 2), (52, 8), (53, 4), (54, 2), (55, 1), (56, 1), (57, 9), (58, 9), (59, 4), (60, 1), (61, 3), (62, 6), (63, 3), (64, 2), 
(65, 5), (66, 2), (67, 5), (68, 10), (69, 4), (70, 1), (71, 5), (72, 5), (73, 5), (74, 3), (75, 4), (76, 10), (77, 9), (78, 2), (79, 4), (80, 5), (81, 1), (82, 4), (83, 3), (84, 9), (85, 2), (86, 3), (87, 6), (88, 3), (89, 6), (90, 3), (91, 1), (92, 1), (93, 7), (94, 9), (95, 1), (96, 7), 
(97, 5), (98, 7), (99, 7), (100, 5), (101, 6), (102, 2), (103, 4), (104, 2), (105, 4), (106, 5), (107, 8), (108, 3), (109, 7), (110, 4), (111, 6), (112, 8), (113, 3), (114, 8), (115, 4), (116, 2), (117, 9), (118, 3), (119, 8), (120, 7), (121, 10), (122, 3), (123, 8), (124, 6), (125, 4), (126, 1), (127, 1), (128, 2), (129, 8), (130, 3), (131, 1), (132, 9), (133, 6), (134, 11), (135, 2), (136, 5), (137, 7), (138, 3), (139, 9), (140, 
4), (141, 4), (142, 5), (143, 2), (144, 5), (145, 8), (146, 8), (147, 5), (148, 3), (149, 7), (150, 8), (151, 4), (152, 5), (153, 4), (154, 8), (155, 2), (156, 1), (157, 2), (158, 8), (159, 2), (160, 2), (161, 1), (162, 5), (163, 11), (164, 3), (165, 4), (166, 2), (167, 5), (168, 4), (169, 4), (170, 1), (171, 10), (172, 1), (173, 5), (174, 4), (175, 1), (176, 9), (177, 10), (178, 3), (179, 11), (180, 1), (181, 7), (182, 6), (183, 3), (184, 6), (185, 8), (186, 7), (187, 5), (188, 3), (189, 10), (190, 2), (191, 1), (192, 4), (193, 5), (194, 7), (195, 6), (196, 2), (197, 8), (198, 3), (199, 6), (200, 1), (201, 3), (202, 6), (203, 9), (204, 8), (205, 11), (206, 2), (207, 6), (208, 4), (209, 7), (210, 1), (211, 1), (212, 2), (213, 2), (214, 2), (215, 4), (216, 1), (217, 8), (218, 11), (219, 6), (220, 9), (221, 1), (222, 6), (223, 3), (224, 1), (225, 4), (226, 7), (227, 3), (228, 3), (229, 6), (230, 9), (231, 9), (232, 3), (233, 8), (234, 9), (235, 8), (236, 9), (237, 3), (238, 4), (239, 8), (240, 4), (241, 5), (242, 6), (243, 5), (244, 1), (245, 8), (246, 2), (247, 5), (248, 3), (249, 7), (250, 2), (251, 1), (252, 5), (253, 5), (254, 5), (255, 8), (256, 4), (257, 5), (258, 5), (259, 3), (260, 2), (261, 12), (262, 5), (263, 4), (264, 1), (265, 4), (266, 6), (267, 7), (268, 4), (269, 11), (270, 3), (271, 1), (272, 10), (273, 4), (274, 7), (275, 9), (276, 1), (277, 5), (278, 1), (279, 3), (280, 4), (281, 7), (282, 2), (283, 7), (284, 
9), (285, 1), (286, 1), (287, 5), (288, 4), (289, 3), (290, 1), (291, 3), (292, 6), (293, 7), (294, 8), (295, 6), (296, 7), (297, 4), (298, 3), (299, 10), (300, 7), (301, 9), (302, 10), (303, 7), (304, 7), (305, 4), (306, 1), (307, 2), (308, 6), (309, 8), (310, 6), (311, 2), (312, 9), (313, 9), (314, 6), (315, 7), (316, 7), (317, 6), (318, 10), (319, 7), (320, 7), (321, 2), (322, 4), (323, 10), (324, 3), (325, 1), (326, 8), (327, 5), (328, 9), (329, 7), (330, 4), (331, 9), (332, 1), (333, 5), (334, 9), (335, 6), (336, 8), (337, 5), (338, 3), (339, 1), (340, 6), (341, 1), (342, 4), (343, 5), (344, 9), (345, 5), (346, 8), (347, 3), (348, 5), (349, 11), (350, 6), (351, 5), (352, 6), (353, 8), (354, 8), (355, 6), (356, 
10), (357, 6), (358, 3), (359, 8), (360, 2), (361, 5), (362, 6), (363, 3), (364, 5), (365, 7), (366, 1), (367, 5), (368, 3), (369, 9), (370, 2), 
(371, 8), (372, 2), (373, 5), (374, 10), (375, 6), (376, 7), (377, 1), (378, 11), (379, 7), (380, 2), (381, 7), (382, 5), (383, 8), (384, 2), (385, 4), (386, 8), (387, 8), (388, 4), (389, 2), (390, 1), (391, 1), (392, 7), (393, 2), (394, 4), (395, 5), (396, 1), (397, 9), (398, 7), (399, 4), (400, 5), (401, 11), (402, 5), (403, 3), (404, 2), (405, 10), (406, 5), (407, 10), (408, 7), (409, 10), (410, 6), (411, 4), (412, 4), (413, 3), (414, 3), (415, 11), (416, 1), (417, 9), (418, 7), (419, 4), (420, 9), (421, 8), (422, 3), (423, 3), (424, 1), (425, 9), (426, 9), (427, 5), (428, 8), (429, 7), (430, 1), (431, 11), (432, 5), (433, 1), (434, 7), (435, 1), (436, 10), (437, 5), (438, 4), (439, 7), (440, 5), (441, 1), (442, 
9), (443, 10), (444, 11), (445, 8), (446, 4), (447, 6), (448, 8), (449, 6), (450, 6)]

QUEEN6
Colors: 8
Permutation: [34, 18, 6, 20, 30, 8, 25, 1, 9, 10, 7, 3, 0, 31, 32, 2, 26, 14, 24, 4, 28, 5, 15, 35, 19, 22, 13, 23, 12, 21, 29, 11, 16, 27, 17, 33]
Coloring: [(1, 5), (2, 1), (3, 7), (4, 2), (5, 4), (6, 6), (7, 2), (8, 3), (9, 4), (10, 1), (11, 5), (12, 9), (13, 9), (14, 8), (15, 2), (16, 7), (17, 3), (18, 1), (19, 1), (20, 6), (21, 3), (22, 8), (23, 2), (24, 4), (25, 3), (26, 2), (27, 1), (28, 4), (29, 6), (30, 5), (31, 4), (32, 5), 
(33, 6), (34, 3), (35, 1), (36, 7)]

MILES250
Colors: 8
Permutation: [19, 52, 81, 112, 115, 9, 24, 29, 37, 57, 91, 51, 60, 44, 68, 122, 23, 27, 61, 85, 90, 114, 125, 65, 67, 77, 92, 93, 1, 7, 20, 42, 45, 59, 87, 99, 117, 3, 17, 18, 35, 38, 43, 72, 74, 97, 103, 110, 123, 126, 25, 39, 40, 41, 49, 70, 75, 88, 89, 96, 104, 0, 5, 8, 10, 12, 21, 22, 
26, 30, 54, 55, 56, 73, 78, 84, 95, 98, 102, 107, 108, 113, 124, 127, 14, 66, 79, 82, 83, 100, 109, 4, 6, 16, 28, 36, 53, 58, 62, 63, 71, 76, 80, 94, 101, 105, 106, 116, 119, 121, 11, 31, 48, 64, 69, 118, 2, 13, 15, 32, 33, 46, 47, 86, 120, 34, 50, 111]
Coloring: [(1, 1), (2, 2), (3, 2), (4, 2), (5, 1), (6, 4), (7, 2), (8, 1), (9, 6), (10, 5), (11, 3), (12, 2), (13, 5), (14, 1), (15, 1), (16, 1), (17, 1), (18, 3), (19, 4), (20, 1), (21, 1), (22, 5), (23, 5), (24, 8), (25, 5), (26, 6), (27, 1), (28, 3), (29, 2), (30, 6), (31, 3), (32, 3), 
(33, 2), (34, 1), (35, 1), (36, 4), (37, 1), (38, 7), (39, 2), (40, 4), (41, 1), (42, 1), (43, 2), (44, 1), (45, 4), (46, 4), (47, 2), (48, 2), (49, 2), (50, 2), (51, 1), (52, 2), (53, 2), (54, 3), (55, 3), (56, 2), (57, 4), (58, 7), (59, 2), (60, 1), (61, 1), (62, 4), (63, 3), (64, 2), (65, 1), (66, 8), (67, 1), (68, 6), (69, 3), (70, 1), (71, 2), (72, 2), (73, 5), (74, 1), (75, 4), (76, 3), (77, 4), (78, 1), (79, 2), (80, 2), (81, 4), (82, 3), (83, 1), (84, 2), (85, 4), (86, 6), (87, 2), (88, 2), (89, 3), (90, 1), (91, 5), (92, 1), (93, 1), (94, 6), (95, 3), (96, 1), (97, 2), (98, 2), (99, 1), (100, 3), (101, 2), (102, 3), (103, 5), (104, 4), (105, 3), (106, 4), (107, 2), (108, 3), (109, 4), (110, 4), (111, 3), (112, 1), (113, 3), (114, 4), (115, 6), (116, 4), (117, 4), (118, 2), (119, 3), (120, 4), (121, 2), (122, 3), (123, 5), (124, 5), (125, 4), (126, 7), (127, 5), (128, 4)]